join_cardinality,join_estimation,absolute_difference,relative_difference
22,16,6,0.2727272727272727
19,14,5,0.2631578947368421
17,15,2,0.11764705882352941
16,13,3,0.1875
16,11,5,0.3125
17,10,7,0.4117647058823529
19,14,5,0.2631578947368421
18,14,4,0.2222222222222222
16,16,0,0.0
20,13,7,0.35
20,13,7,0.35
21,15,6,0.2857142857142857
12,11,1,0.08333333333333333
13,11,2,0.15384615384615385
16,11,5,0.3125
17,12,5,0.29411764705882354
16,14,2,0.125
22,16,6,0.2727272727272727
14,11,3,0.21428571428571427
14,14,0,0.0
25,19,6,0.24
19,15,4,0.21052631578947367
12,6,6,0.5
17,14,3,0.17647058823529413
11,9,2,0.18181818181818182
15,11,4,0.26666666666666666
14,12,2,0.14285714285714285
20,14,6,0.3
13,11,2,0.15384615384615385
19,13,6,0.3157894736842105
17,17,0,0.0
16,9,7,0.4375
19,14,5,0.2631578947368421
18,14,4,0.2222222222222222
13,11,2,0.15384615384615385
14,9,5,0.35714285714285715
18,15,3,0.16666666666666666
23,19,4,0.17391304347826086
17,15,2,0.11764705882352941
12,10,2,0.16666666666666666
21,15,6,0.2857142857142857
19,14,5,0.2631578947368421
15,11,4,0.26666666666666666
20,14,6,0.3
13,11,2,0.15384615384615385
19,14,5,0.2631578947368421
21,17,4,0.19047619047619047
13,11,2,0.15384615384615385
8,5,3,0.375
16,10,6,0.375
10,11,1,0.1
11,8,3,0.2727272727272727
18,13,5,0.2777777777777778
20,14,6,0.3
16,12,4,0.25
14,9,5,0.35714285714285715
19,13,6,0.3157894736842105
19,18,1,0.05263157894736842
17,13,4,0.23529411764705882
20,18,2,0.1
8,7,1,0.125
12,8,4,0.3333333333333333
18,16,2,0.1111111111111111
19,14,5,0.2631578947368421
16,14,2,0.125
17,12,5,0.29411764705882354
16,11,5,0.3125
18,16,2,0.1111111111111111
16,11,5,0.3125
20,15,5,0.25
20,18,2,0.1
21,17,4,0.19047619047619047
16,9,7,0.4375
19,15,4,0.21052631578947367
14,10,4,0.2857142857142857
12,10,2,0.16666666666666666
16,11,5,0.3125
12,9,3,0.25
11,7,4,0.36363636363636365
17,14,3,0.17647058823529413
13,8,5,0.38461538461538464
18,14,4,0.2222222222222222
19,14,5,0.2631578947368421
16,13,3,0.1875
17,14,3,0.17647058823529413
17,15,2,0.11764705882352941
17,12,5,0.29411764705882354
22,17,5,0.22727272727272727
14,10,4,0.2857142857142857
18,14,4,0.2222222222222222
16,13,3,0.1875
17,12,5,0.29411764705882354
14,10,4,0.2857142857142857
16,11,5,0.3125
18,17,1,0.05555555555555555
13,11,2,0.15384615384615385
18,13,5,0.2777777777777778
21,16,5,0.23809523809523808
14,12,2,0.14285714285714285
16,11,5,0.3125
6,5,1,0.16666666666666666
15,10,5,0.3333333333333333
16,15,1,0.0625
17,9,8,0.47058823529411764
20,16,4,0.2
12,8,4,0.3333333333333333
23,17,6,0.2608695652173913
16,11,5,0.3125
20,18,2,0.1
18,17,1,0.05555555555555555
16,12,4,0.25
22,16,6,0.2727272727272727
15,13,2,0.13333333333333333
19,14,5,0.2631578947368421
17,12,5,0.29411764705882354
16,12,4,0.25
19,13,6,0.3157894736842105
18,12,6,0.3333333333333333
13,9,4,0.3076923076923077
13,9,4,0.3076923076923077
18,13,5,0.2777777777777778
15,11,4,0.26666666666666666
17,12,5,0.29411764705882354
14,8,6,0.42857142857142855
12,6,6,0.5
12,12,0,0.0
18,15,3,0.16666666666666666
16,11,5,0.3125
12,10,2,0.16666666666666666
20,13,7,0.35
22,20,2,0.09090909090909091
21,17,4,0.19047619047619047
14,10,4,0.2857142857142857
11,10,1,0.09090909090909091
11,7,4,0.36363636363636365
18,12,6,0.3333333333333333
15,15,0,0.0
12,10,2,0.16666666666666666
21,16,5,0.23809523809523808
20,16,4,0.2
16,12,4,0.25
24,20,4,0.16666666666666666
14,12,2,0.14285714285714285
23,19,4,0.17391304347826086
19,16,3,0.15789473684210525
9,8,1,0.1111111111111111
22,16,6,0.2727272727272727
24,19,5,0.20833333333333334
18,14,4,0.2222222222222222
22,18,4,0.18181818181818182
22,16,6,0.2727272727272727
18,14,4,0.2222222222222222
10,8,2,0.2
13,9,4,0.3076923076923077
21,17,4,0.19047619047619047
18,15,3,0.16666666666666666
19,18,1,0.05263157894736842
13,9,4,0.3076923076923077
13,11,2,0.15384615384615385
15,6,9,0.6
24,17,7,0.2916666666666667
9,5,4,0.4444444444444444
20,16,4,0.2
17,11,6,0.35294117647058826
14,11,3,0.21428571428571427
9,7,2,0.2222222222222222
19,14,5,0.2631578947368421
21,17,4,0.19047619047619047
18,14,4,0.2222222222222222
24,18,6,0.25
25,18,7,0.28
22,16,6,0.2727272727272727
17,14,3,0.17647058823529413
16,13,3,0.1875
19,16,3,0.15789473684210525
18,15,3,0.16666666666666666
17,12,5,0.29411764705882354
19,13,6,0.3157894736842105
11,8,3,0.2727272727272727
15,11,4,0.26666666666666666
16,13,3,0.1875
22,18,4,0.18181818181818182
15,13,2,0.13333333333333333
17,14,3,0.17647058823529413
20,14,6,0.3
19,14,5,0.2631578947368421
9,9,0,0.0
20,16,4,0.2
17,13,4,0.23529411764705882
14,10,4,0.2857142857142857
18,13,5,0.2777777777777778
16,15,1,0.0625
19,14,5,0.2631578947368421
22,17,5,0.22727272727272727
23,12,11,0.4782608695652174
24,19,5,0.20833333333333334
23,19,4,0.17391304347826086
14,9,5,0.35714285714285715
17,18,1,0.058823529411764705
24,19,5,0.20833333333333334
22,18,4,0.18181818181818182
17,16,1,0.058823529411764705
15,12,3,0.2
16,13,3,0.1875
13,8,5,0.38461538461538464
13,7,6,0.46153846153846156
11,10,1,0.09090909090909091
17,15,2,0.11764705882352941
13,9,4,0.3076923076923077
21,10,11,0.5238095238095238
6,3,3,0.5
21,19,2,0.09523809523809523
16,15,1,0.0625
16,13,3,0.1875
15,13,2,0.13333333333333333
15,9,6,0.4
17,11,6,0.35294117647058826
19,14,5,0.2631578947368421
21,12,9,0.42857142857142855
13,11,2,0.15384615384615385
23,21,2,0.08695652173913043
20,17,3,0.15
13,10,3,0.23076923076923078
20,18,2,0.1
16,12,4,0.25
14,11,3,0.21428571428571427
19,16,3,0.15789473684210525
16,14,2,0.125
11,10,1,0.09090909090909091
23,18,5,0.21739130434782608
19,14,5,0.2631578947368421
24,22,2,0.08333333333333333
19,14,5,0.2631578947368421
17,13,4,0.23529411764705882
21,16,5,0.23809523809523808
18,12,6,0.3333333333333333
16,15,1,0.0625
12,11,1,0.08333333333333333
18,14,4,0.2222222222222222
13,8,5,0.38461538461538464
23,19,4,0.17391304347826086
16,14,2,0.125
16,13,3,0.1875
10,7,3,0.3
9,7,2,0.2222222222222222
17,13,4,0.23529411764705882
23,17,6,0.2608695652173913
11,7,4,0.36363636363636365
17,14,3,0.17647058823529413
16,10,6,0.375
16,12,4,0.25
12,8,4,0.3333333333333333
20,14,6,0.3
12,8,4,0.3333333333333333
18,13,5,0.2777777777777778
16,10,6,0.375
14,9,5,0.35714285714285715
17,12,5,0.29411764705882354
17,13,4,0.23529411764705882
19,15,4,0.21052631578947367
18,13,5,0.2777777777777778
7,7,0,0.0
18,14,4,0.2222222222222222
21,18,3,0.14285714285714285
13,10,3,0.23076923076923078
17,16,1,0.058823529411764705
18,16,2,0.1111111111111111
13,15,2,0.15384615384615385
13,9,4,0.3076923076923077
20,18,2,0.1
14,12,2,0.14285714285714285
15,9,6,0.4
17,10,7,0.4117647058823529
16,14,2,0.125
14,11,3,0.21428571428571427
12,8,4,0.3333333333333333
21,15,6,0.2857142857142857
21,20,1,0.047619047619047616
19,13,6,0.3157894736842105
17,11,6,0.35294117647058826
12,11,1,0.08333333333333333
18,14,4,0.2222222222222222
17,13,4,0.23529411764705882
11,10,1,0.09090909090909091
21,18,3,0.14285714285714285
14,14,0,0.0
16,11,5,0.3125
20,20,0,0.0
15,11,4,0.26666666666666666
15,12,3,0.2
12,9,3,0.25
17,9,8,0.47058823529411764
13,10,3,0.23076923076923078
20,18,2,0.1
10,8,2,0.2
17,15,2,0.11764705882352941
20,16,4,0.2
16,12,4,0.25
17,10,7,0.4117647058823529
20,14,6,0.3
11,9,2,0.18181818181818182
11,7,4,0.36363636363636365
19,11,8,0.42105263157894735
18,13,5,0.2777777777777778
11,8,3,0.2727272727272727
14,10,4,0.2857142857142857
15,10,5,0.3333333333333333
6,4,2,0.3333333333333333
19,16,3,0.15789473684210525
20,20,0,0.0
20,15,5,0.25
13,10,3,0.23076923076923078
15,11,4,0.26666666666666666
17,10,7,0.4117647058823529
15,9,6,0.4
19,14,5,0.2631578947368421
11,4,7,0.6363636363636364
8,5,3,0.375
21,18,3,0.14285714285714285
19,12,7,0.3684210526315789
16,13,3,0.1875
22,19,3,0.13636363636363635
21,13,8,0.38095238095238093
11,9,2,0.18181818181818182
12,9,3,0.25
20,15,5,0.25
17,12,5,0.29411764705882354
19,13,6,0.3157894736842105
18,16,2,0.1111111111111111
12,8,4,0.3333333333333333
14,11,3,0.21428571428571427
20,16,4,0.2
14,10,4,0.2857142857142857
14,12,2,0.14285714285714285
20,13,7,0.35
20,14,6,0.3
18,16,2,0.1111111111111111
18,13,5,0.2777777777777778
21,18,3,0.14285714285714285
17,13,4,0.23529411764705882
25,17,8,0.32
23,20,3,0.13043478260869565
21,17,4,0.19047619047619047
10,10,0,0.0
20,16,4,0.2
12,11,1,0.08333333333333333
14,13,1,0.07142857142857142
17,13,4,0.23529411764705882
22,16,6,0.2727272727272727
18,14,4,0.2222222222222222
18,14,4,0.2222222222222222
12,9,3,0.25
14,9,5,0.35714285714285715
11,9,2,0.18181818181818182
21,15,6,0.2857142857142857
11,7,4,0.36363636363636365
22,18,4,0.18181818181818182
19,16,3,0.15789473684210525
15,9,6,0.4
16,12,4,0.25
25,21,4,0.16
22,16,6,0.2727272727272727
15,12,3,0.2
15,10,5,0.3333333333333333
13,9,4,0.3076923076923077
13,9,4,0.3076923076923077
15,12,3,0.2
17,11,6,0.35294117647058826
10,6,4,0.4
16,11,5,0.3125
18,14,4,0.2222222222222222
18,13,5,0.2777777777777778
24,19,5,0.20833333333333334
16,12,4,0.25
15,11,4,0.26666666666666666
24,16,8,0.3333333333333333
16,12,4,0.25
15,14,1,0.06666666666666667
18,14,4,0.2222222222222222
17,10,7,0.4117647058823529
7,6,1,0.14285714285714285
16,14,2,0.125
16,14,2,0.125
12,10,2,0.16666666666666666
18,13,5,0.2777777777777778
20,14,6,0.3
22,17,5,0.22727272727272727
17,13,4,0.23529411764705882
18,13,5,0.2777777777777778
22,17,5,0.22727272727272727
13,10,3,0.23076923076923078
8,6,2,0.25
18,13,5,0.2777777777777778
20,16,4,0.2
21,16,5,0.23809523809523808
20,17,3,0.15
16,11,5,0.3125
13,12,1,0.07692307692307693
13,11,2,0.15384615384615385
21,16,5,0.23809523809523808
23,30,7,0.30434782608695654
21,15,6,0.2857142857142857
24,20,4,0.16666666666666666
16,12,4,0.25
15,11,4,0.26666666666666666
21,18,3,0.14285714285714285
16,13,3,0.1875
17,13,4,0.23529411764705882
22,15,7,0.3181818181818182
16,8,8,0.5
17,13,4,0.23529411764705882
22,19,3,0.13636363636363635
23,20,3,0.13043478260869565
14,10,4,0.2857142857142857
13,8,5,0.38461538461538464
9,6,3,0.3333333333333333
17,14,3,0.17647058823529413
9,7,2,0.2222222222222222
18,16,2,0.1111111111111111
16,9,7,0.4375
14,11,3,0.21428571428571427
13,11,2,0.15384615384615385
13,11,2,0.15384615384615385
15,11,4,0.26666666666666666
15,11,4,0.26666666666666666
16,13,3,0.1875
25,20,5,0.2
20,16,4,0.2
18,13,5,0.2777777777777778
13,9,4,0.3076923076923077
24,20,4,0.16666666666666666
16,11,5,0.3125
15,12,3,0.2
14,13,1,0.07142857142857142
19,16,3,0.15789473684210525
15,14,1,0.06666666666666667
13,8,5,0.38461538461538464
18,13,5,0.2777777777777778
16,13,3,0.1875
17,13,4,0.23529411764705882
12,10,2,0.16666666666666666
12,8,4,0.3333333333333333
22,16,6,0.2727272727272727
14,14,0,0.0
16,10,6,0.375
11,9,2,0.18181818181818182
22,11,11,0.5
16,13,3,0.1875
16,10,6,0.375
17,13,4,0.23529411764705882
12,8,4,0.3333333333333333
24,19,5,0.20833333333333334
15,11,4,0.26666666666666666
10,6,4,0.4
15,10,5,0.3333333333333333
15,12,3,0.2
18,15,3,0.16666666666666666
15,10,5,0.3333333333333333
17,15,2,0.11764705882352941
19,12,7,0.3684210526315789
19,13,6,0.3157894736842105
16,13,3,0.1875
18,14,4,0.2222222222222222
20,14,6,0.3
16,10,6,0.375
20,19,1,0.05
18,13,5,0.2777777777777778
16,15,1,0.0625
19,13,6,0.3157894736842105
20,20,0,0.0
14,12,2,0.14285714285714285
16,9,7,0.4375
18,14,4,0.2222222222222222
16,12,4,0.25
18,11,7,0.3888888888888889
25,18,7,0.28
6,3,3,0.5
12,9,3,0.25
14,11,3,0.21428571428571427
18,16,2,0.1111111111111111
18,14,4,0.2222222222222222
12,10,2,0.16666666666666666
17,10,7,0.4117647058823529
17,12,5,0.29411764705882354
13,12,1,0.07692307692307693
15,11,4,0.26666666666666666
17,13,4,0.23529411764705882
10,6,4,0.4
22,19,3,0.13636363636363635
21,14,7,0.3333333333333333
21,19,2,0.09523809523809523
16,12,4,0.25
12,10,2,0.16666666666666666
22,15,7,0.3181818181818182
12,9,3,0.25
14,7,7,0.5
19,14,5,0.2631578947368421
5,6,1,0.2
11,11,0,0.0
16,9,7,0.4375
21,12,9,0.42857142857142855
10,10,0,0.0
19,14,5,0.2631578947368421
19,12,7,0.3684210526315789
18,16,2,0.1111111111111111
22,17,5,0.22727272727272727
14,11,3,0.21428571428571427
10,8,2,0.2
23,16,7,0.30434782608695654
15,10,5,0.3333333333333333
20,16,4,0.2
19,13,6,0.3157894736842105
15,12,3,0.2
15,11,4,0.26666666666666666
18,14,4,0.2222222222222222
16,12,4,0.25
16,12,4,0.25
19,15,4,0.21052631578947367
21,13,8,0.38095238095238093
23,16,7,0.30434782608695654
12,10,2,0.16666666666666666
15,11,4,0.26666666666666666
8,5,3,0.375
12,8,4,0.3333333333333333
20,16,4,0.2
16,12,4,0.25
19,14,5,0.2631578947368421
21,21,0,0.0
19,9,10,0.5263157894736842
19,16,3,0.15789473684210525
19,15,4,0.21052631578947367
19,14,5,0.2631578947368421
17,13,4,0.23529411764705882
14,10,4,0.2857142857142857
21,16,5,0.23809523809523808
13,11,2,0.15384615384615385
18,13,5,0.2777777777777778
17,12,5,0.29411764705882354
11,12,1,0.09090909090909091
12,11,1,0.08333333333333333
18,9,9,0.5
17,11,6,0.35294117647058826
13,8,5,0.38461538461538464
13,10,3,0.23076923076923078
23,16,7,0.30434782608695654
9,5,4,0.4444444444444444
14,11,3,0.21428571428571427
15,15,0,0.0
20,14,6,0.3
14,8,6,0.42857142857142855
18,14,4,0.2222222222222222
19,17,2,0.10526315789473684
14,10,4,0.2857142857142857
17,16,1,0.058823529411764705
18,14,4,0.2222222222222222
12,12,0,0.0
21,17,4,0.19047619047619047
17,14,3,0.17647058823529413
12,10,2,0.16666666666666666
18,13,5,0.2777777777777778
13,10,3,0.23076923076923078
12,9,3,0.25
20,13,7,0.35
20,15,5,0.25
16,13,3,0.1875
11,7,4,0.36363636363636365
14,14,0,0.0
16,16,0,0.0
16,13,3,0.1875
15,10,5,0.3333333333333333
10,6,4,0.4
17,16,1,0.058823529411764705
19,12,7,0.3684210526315789
15,10,5,0.3333333333333333
18,11,7,0.3888888888888889
19,12,7,0.3684210526315789
25,22,3,0.12
15,13,2,0.13333333333333333
15,12,3,0.2
20,15,5,0.25
16,12,4,0.25
15,11,4,0.26666666666666666
20,15,5,0.25
17,13,4,0.23529411764705882
15,10,5,0.3333333333333333
14,6,8,0.5714285714285714
14,12,2,0.14285714285714285
16,10,6,0.375
18,12,6,0.3333333333333333
19,15,4,0.21052631578947367
24,18,6,0.25
15,11,4,0.26666666666666666
14,10,4,0.2857142857142857
16,12,4,0.25
13,9,4,0.3076923076923077
18,13,5,0.2777777777777778
17,14,3,0.17647058823529413
17,11,6,0.35294117647058826
21,20,1,0.047619047619047616
18,13,5,0.2777777777777778
19,15,4,0.21052631578947367
19,15,4,0.21052631578947367
19,14,5,0.2631578947368421
14,10,4,0.2857142857142857
11,9,2,0.18181818181818182
19,14,5,0.2631578947368421
16,13,3,0.1875
13,10,3,0.23076923076923078
16,11,5,0.3125
18,14,4,0.2222222222222222
15,16,1,0.06666666666666667
19,13,6,0.3157894736842105
17,13,4,0.23529411764705882
15,11,4,0.26666666666666666
15,12,3,0.2
14,11,3,0.21428571428571427
10,5,5,0.5
13,10,3,0.23076923076923078
20,14,6,0.3
19,17,2,0.10526315789473684
25,19,6,0.24
11,9,2,0.18181818181818182
20,18,2,0.1
20,14,6,0.3
10,10,0,0.0
9,9,0,0.0
17,12,5,0.29411764705882354
17,20,3,0.17647058823529413
12,10,2,0.16666666666666666
8,5,3,0.375
18,15,3,0.16666666666666666
15,12,3,0.2
16,11,5,0.3125
22,15,7,0.3181818181818182
15,12,3,0.2
21,15,6,0.2857142857142857
14,11,3,0.21428571428571427
13,11,2,0.15384615384615385
13,11,2,0.15384615384615385
1,0,1,1.0
16,13,3,0.1875
14,12,2,0.14285714285714285
21,15,6,0.2857142857142857
20,13,7,0.35
21,19,2,0.09523809523809523
17,12,5,0.29411764705882354
20,15,5,0.25
25,23,2,0.08
19,14,5,0.2631578947368421
18,12,6,0.3333333333333333
18,14,4,0.2222222222222222
13,9,4,0.3076923076923077
9,8,1,0.1111111111111111
20,15,5,0.25
12,9,3,0.25
19,16,3,0.15789473684210525
19,17,2,0.10526315789473684
19,13,6,0.3157894736842105
16,13,3,0.1875
12,9,3,0.25
19,14,5,0.2631578947368421
18,9,9,0.5
10,9,1,0.1
23,17,6,0.2608695652173913
17,15,2,0.11764705882352941
20,14,6,0.3
19,17,2,0.10526315789473684
17,9,8,0.47058823529411764
24,19,5,0.20833333333333334
22,15,7,0.3181818181818182
14,12,2,0.14285714285714285
11,8,3,0.2727272727272727
9,5,4,0.4444444444444444
22,21,1,0.045454545454545456
18,17,1,0.05555555555555555
17,13,4,0.23529411764705882
17,13,4,0.23529411764705882
17,12,5,0.29411764705882354
15,11,4,0.26666666666666666
15,12,3,0.2
22,15,7,0.3181818181818182
18,15,3,0.16666666666666666
17,15,2,0.11764705882352941
19,14,5,0.2631578947368421
21,16,5,0.23809523809523808
13,10,3,0.23076923076923078
18,13,5,0.2777777777777778
19,14,5,0.2631578947368421
17,12,5,0.29411764705882354
21,17,4,0.19047619047619047
19,16,3,0.15789473684210525
15,12,3,0.2
15,10,5,0.3333333333333333
15,12,3,0.2
13,11,2,0.15384615384615385
23,17,6,0.2608695652173913
17,10,7,0.4117647058823529
15,10,5,0.3333333333333333
16,14,2,0.125
14,13,1,0.07142857142857142
21,16,5,0.23809523809523808
16,13,3,0.1875
18,12,6,0.3333333333333333
18,13,5,0.2777777777777778
16,13,3,0.1875
24,22,2,0.08333333333333333
20,17,3,0.15
19,16,3,0.15789473684210525
14,10,4,0.2857142857142857
20,14,6,0.3
18,10,8,0.4444444444444444
13,12,1,0.07692307692307693
14,11,3,0.21428571428571427
5,3,2,0.4
21,17,4,0.19047619047619047
12,11,1,0.08333333333333333
19,14,5,0.2631578947368421
21,16,5,0.23809523809523808
24,23,1,0.041666666666666664
19,13,6,0.3157894736842105
16,10,6,0.375
13,10,3,0.23076923076923078
17,12,5,0.29411764705882354
15,13,2,0.13333333333333333
20,16,4,0.2
24,19,5,0.20833333333333334
16,13,3,0.1875
21,13,8,0.38095238095238093
17,14,3,0.17647058823529413
17,12,5,0.29411764705882354
15,11,4,0.26666666666666666
16,14,2,0.125
12,10,2,0.16666666666666666
17,15,2,0.11764705882352941
21,13,8,0.38095238095238093
16,14,2,0.125
22,20,2,0.09090909090909091
17,13,4,0.23529411764705882
16,12,4,0.25
16,11,5,0.3125
20,18,2,0.1
7,3,4,0.5714285714285714
21,13,8,0.38095238095238093
15,10,5,0.3333333333333333
13,8,5,0.38461538461538464
18,15,3,0.16666666666666666
17,14,3,0.17647058823529413
14,12,2,0.14285714285714285
16,12,4,0.25
17,15,2,0.11764705882352941
12,11,1,0.08333333333333333
12,10,2,0.16666666666666666
15,12,3,0.2
18,13,5,0.2777777777777778
20,13,7,0.35
14,9,5,0.35714285714285715
19,9,10,0.5263157894736842
23,17,6,0.2608695652173913
12,10,2,0.16666666666666666
19,14,5,0.2631578947368421
22,17,5,0.22727272727272727
19,14,5,0.2631578947368421
19,15,4,0.21052631578947367
7,7,0,0.0
18,12,6,0.3333333333333333
24,18,6,0.25
16,13,3,0.1875
18,16,2,0.1111111111111111
15,11,4,0.26666666666666666
15,12,3,0.2
18,13,5,0.2777777777777778
11,9,2,0.18181818181818182
11,10,1,0.09090909090909091
17,15,2,0.11764705882352941
22,16,6,0.2727272727272727
19,14,5,0.2631578947368421
16,12,4,0.25
15,13,2,0.13333333333333333
19,15,4,0.21052631578947367
20,13,7,0.35
12,10,2,0.16666666666666666
22,17,5,0.22727272727272727
22,16,6,0.2727272727272727
19,15,4,0.21052631578947367
21,17,4,0.19047619047619047
16,14,2,0.125
16,10,6,0.375
20,15,5,0.25
17,15,2,0.11764705882352941
22,18,4,0.18181818181818182
15,10,5,0.3333333333333333
20,12,8,0.4
20,17,3,0.15
15,12,3,0.2
12,11,1,0.08333333333333333
14,11,3,0.21428571428571427
17,14,3,0.17647058823529413
12,10,2,0.16666666666666666
16,10,6,0.375
19,15,4,0.21052631578947367
17,15,2,0.11764705882352941
17,10,7,0.4117647058823529
20,12,8,0.4
14,10,4,0.2857142857142857
23,20,3,0.13043478260869565
14,10,4,0.2857142857142857
16,10,6,0.375
17,14,3,0.17647058823529413
15,11,4,0.26666666666666666
15,10,5,0.3333333333333333
23,20,3,0.13043478260869565
18,11,7,0.3888888888888889
12,10,2,0.16666666666666666
15,12,3,0.2
19,13,6,0.3157894736842105
19,15,4,0.21052631578947367
20,14,6,0.3
13,10,3,0.23076923076923078
13,9,4,0.3076923076923077
17,11,6,0.35294117647058826
23,14,9,0.391304347826087
15,12,3,0.2
17,15,2,0.11764705882352941
21,17,4,0.19047619047619047
12,10,2,0.16666666666666666
23,19,4,0.17391304347826086
22,16,6,0.2727272727272727
20,16,4,0.2
20,16,4,0.2
14,10,4,0.2857142857142857
20,15,5,0.25
18,18,0,0.0
22,18,4,0.18181818181818182
18,14,4,0.2222222222222222
15,10,5,0.3333333333333333
17,15,2,0.11764705882352941
21,16,5,0.23809523809523808
20,15,5,0.25
18,13,5,0.2777777777777778
12,9,3,0.25
14,8,6,0.42857142857142855
15,10,5,0.3333333333333333
15,11,4,0.26666666666666666
16,15,1,0.0625
19,17,2,0.10526315789473684
20,14,6,0.3
23,18,5,0.21739130434782608
18,11,7,0.3888888888888889
19,14,5,0.2631578947368421
16,12,4,0.25
22,14,8,0.36363636363636365
23,20,3,0.13043478260869565
13,9,4,0.3076923076923077
14,10,4,0.2857142857142857
12,8,4,0.3333333333333333
18,13,5,0.2777777777777778
21,17,4,0.19047619047619047
17,15,2,0.11764705882352941
17,11,6,0.35294117647058826
15,14,1,0.06666666666666667
20,18,2,0.1
21,15,6,0.2857142857142857
20,15,5,0.25
7,8,1,0.14285714285714285
18,14,4,0.2222222222222222
15,11,4,0.26666666666666666
19,14,5,0.2631578947368421
17,13,4,0.23529411764705882
7,4,3,0.42857142857142855
15,8,7,0.4666666666666667
16,12,4,0.25
21,17,4,0.19047619047619047
17,12,5,0.29411764705882354
16,13,3,0.1875
13,11,2,0.15384615384615385
20,15,5,0.25
24,16,8,0.3333333333333333
13,10,3,0.23076923076923078
19,15,4,0.21052631578947367
15,9,6,0.4
14,5,9,0.6428571428571429
19,13,6,0.3157894736842105
16,12,4,0.25
13,11,2,0.15384615384615385
16,10,6,0.375
17,15,2,0.11764705882352941
16,11,5,0.3125
14,10,4,0.2857142857142857
15,9,6,0.4
20,15,5,0.25
19,15,4,0.21052631578947367
15,7,8,0.5333333333333333
9,9,0,0.0
16,14,2,0.125
20,15,5,0.25
19,18,1,0.05263157894736842
19,12,7,0.3684210526315789
23,15,8,0.34782608695652173
16,17,1,0.0625
11,11,0,0.0
23,17,6,0.2608695652173913
15,13,2,0.13333333333333333
15,15,0,0.0
18,11,7,0.3888888888888889
15,8,7,0.4666666666666667
25,22,3,0.12
12,9,3,0.25
17,12,5,0.29411764705882354
15,15,0,0.0
23,18,5,0.21739130434782608
20,16,4,0.2
18,15,3,0.16666666666666666
25,20,5,0.2
10,7,3,0.3
25,23,2,0.08
16,13,3,0.1875
8,6,2,0.25
14,9,5,0.35714285714285715
25,17,8,0.32
21,18,3,0.14285714285714285
13,11,2,0.15384615384615385
18,14,4,0.2222222222222222
17,11,6,0.35294117647058826
12,8,4,0.3333333333333333
22,16,6,0.2727272727272727
16,13,3,0.1875
17,14,3,0.17647058823529413
19,17,2,0.10526315789473684
10,8,2,0.2
17,15,2,0.11764705882352941
15,12,3,0.2
13,9,4,0.3076923076923077
20,15,5,0.25
19,12,7,0.3684210526315789
16,14,2,0.125
8,7,1,0.125
18,12,6,0.3333333333333333
17,14,3,0.17647058823529413
7,7,0,0.0
14,13,1,0.07142857142857142
17,14,3,0.17647058823529413
19,16,3,0.15789473684210525
13,12,1,0.07692307692307693
20,15,5,0.25
14,10,4,0.2857142857142857
24,18,6,0.25
16,13,3,0.1875
8,5,3,0.375
16,11,5,0.3125
14,11,3,0.21428571428571427
17,13,4,0.23529411764705882
11,6,5,0.45454545454545453
14,9,5,0.35714285714285715
21,19,2,0.09523809523809523
22,16,6,0.2727272727272727
19,16,3,0.15789473684210525
15,11,4,0.26666666666666666
13,10,3,0.23076923076923078
22,17,5,0.22727272727272727
18,12,6,0.3333333333333333
21,16,5,0.23809523809523808
12,11,1,0.08333333333333333
12,9,3,0.25
15,17,2,0.13333333333333333
14,11,3,0.21428571428571427
14,10,4,0.2857142857142857
14,9,5,0.35714285714285715
19,15,4,0.21052631578947367
13,8,5,0.38461538461538464
15,10,5,0.3333333333333333
22,19,3,0.13636363636363635
15,10,5,0.3333333333333333
13,10,3,0.23076923076923078
22,20,2,0.09090909090909091
14,11,3,0.21428571428571427
14,9,5,0.35714285714285715
15,12,3,0.2
17,15,2,0.11764705882352941
17,13,4,0.23529411764705882
14,12,2,0.14285714285714285
17,13,4,0.23529411764705882
23,18,5,0.21739130434782608
13,11,2,0.15384615384615385
24,20,4,0.16666666666666666
20,17,3,0.15
14,10,4,0.2857142857142857
20,18,2,0.1
18,12,6,0.3333333333333333
22,15,7,0.3181818181818182
18,13,5,0.2777777777777778
17,14,3,0.17647058823529413
13,8,5,0.38461538461538464
22,17,5,0.22727272727272727
13,6,7,0.5384615384615384
16,10,6,0.375
22,18,4,0.18181818181818182
17,12,5,0.29411764705882354
11,7,4,0.36363636363636365
15,13,2,0.13333333333333333
17,13,4,0.23529411764705882
23,20,3,0.13043478260869565
10,6,4,0.4
13,12,1,0.07692307692307693
18,15,3,0.16666666666666666
14,12,2,0.14285714285714285
7,5,2,0.2857142857142857
15,9,6,0.4
21,16,5,0.23809523809523808
10,6,4,0.4
9,7,2,0.2222222222222222
22,17,5,0.22727272727272727
19,12,7,0.3684210526315789
17,13,4,0.23529411764705882
19,16,3,0.15789473684210525
20,15,5,0.25
14,10,4,0.2857142857142857
23,14,9,0.391304347826087
23,19,4,0.17391304347826086
13,12,1,0.07692307692307693
20,14,6,0.3
11,11,0,0.0
14,11,3,0.21428571428571427
15,11,4,0.26666666666666666
18,15,3,0.16666666666666666
19,16,3,0.15789473684210525
15,11,4,0.26666666666666666
16,11,5,0.3125
21,17,4,0.19047619047619047
15,11,4,0.26666666666666666
15,9,6,0.4
20,15,5,0.25
15,14,1,0.06666666666666667
15,11,4,0.26666666666666666
12,5,7,0.5833333333333334
15,13,2,0.13333333333333333
21,16,5,0.23809523809523808
15,13,2,0.13333333333333333
19,16,3,0.15789473684210525
17,14,3,0.17647058823529413
16,14,2,0.125
12,9,3,0.25
13,7,6,0.46153846153846156
11,10,1,0.09090909090909091
16,9,7,0.4375
18,15,3,0.16666666666666666
14,11,3,0.21428571428571427
12,8,4,0.3333333333333333
16,9,7,0.4375
23,21,2,0.08695652173913043
19,12,7,0.3684210526315789
19,20,1,0.05263157894736842
21,13,8,0.38095238095238093
11,7,4,0.36363636363636365
19,15,4,0.21052631578947367
21,12,9,0.42857142857142855
22,16,6,0.2727272727272727
20,17,3,0.15
23,18,5,0.21739130434782608
18,17,1,0.05555555555555555
21,17,4,0.19047619047619047
18,14,4,0.2222222222222222
20,15,5,0.25
21,16,5,0.23809523809523808
17,13,4,0.23529411764705882
16,10,6,0.375
19,15,4,0.21052631578947367
14,10,4,0.2857142857142857
19,12,7,0.3684210526315789
12,8,4,0.3333333333333333
23,20,3,0.13043478260869565
14,12,2,0.14285714285714285
17,11,6,0.35294117647058826
18,12,6,0.3333333333333333
14,10,4,0.2857142857142857
19,14,5,0.2631578947368421
18,16,2,0.1111111111111111
18,14,4,0.2222222222222222
18,15,3,0.16666666666666666
25,19,6,0.24
20,14,6,0.3
19,16,3,0.15789473684210525
16,12,4,0.25
15,8,7,0.4666666666666667
18,14,4,0.2222222222222222
18,14,4,0.2222222222222222
6,4,2,0.3333333333333333
17,13,4,0.23529411764705882
15,10,5,0.3333333333333333
20,19,1,0.05
12,9,3,0.25
15,11,4,0.26666666666666666
17,12,5,0.29411764705882354
17,15,2,0.11764705882352941
19,17,2,0.10526315789473684
18,13,5,0.2777777777777778
21,16,5,0.23809523809523808
20,12,8,0.4
14,11,3,0.21428571428571427
14,10,4,0.2857142857142857
17,14,3,0.17647058823529413
15,12,3,0.2
22,20,2,0.09090909090909091
18,10,8,0.4444444444444444
13,8,5,0.38461538461538464
15,11,4,0.26666666666666666
10,9,1,0.1
21,13,8,0.38095238095238093
10,7,3,0.3
21,15,6,0.2857142857142857
17,15,2,0.11764705882352941
17,15,2,0.11764705882352941
24,18,6,0.25
14,11,3,0.21428571428571427
15,10,5,0.3333333333333333
20,15,5,0.25
17,14,3,0.17647058823529413
19,13,6,0.3157894736842105
15,12,3,0.2
18,16,2,0.1111111111111111
22,16,6,0.2727272727272727
18,14,4,0.2222222222222222
15,13,2,0.13333333333333333
16,11,5,0.3125
17,13,4,0.23529411764705882
19,17,2,0.10526315789473684
20,17,3,0.15
15,11,4,0.26666666666666666
17,15,2,0.11764705882352941
22,18,4,0.18181818181818182
20,16,4,0.2
9,4,5,0.5555555555555556
18,14,4,0.2222222222222222
20,17,3,0.15
20,14,6,0.3
25,24,1,0.04
18,15,3,0.16666666666666666
21,15,6,0.2857142857142857
21,14,7,0.3333333333333333
18,12,6,0.3333333333333333
15,10,5,0.3333333333333333
21,13,8,0.38095238095238093
11,11,0,0.0
15,11,4,0.26666666666666666
17,14,3,0.17647058823529413
20,16,4,0.2
20,19,1,0.05
17,11,6,0.35294117647058826
21,16,5,0.23809523809523808
12,10,2,0.16666666666666666
11,8,3,0.2727272727272727
15,10,5,0.3333333333333333
23,21,2,0.08695652173913043
19,17,2,0.10526315789473684
12,9,3,0.25
10,5,5,0.5
19,17,2,0.10526315789473684
20,15,5,0.25
11,8,3,0.2727272727272727
14,10,4,0.2857142857142857
20,15,5,0.25
24,20,4,0.16666666666666666
18,12,6,0.3333333333333333
19,16,3,0.15789473684210525
12,11,1,0.08333333333333333
15,11,4,0.26666666666666666
14,11,3,0.21428571428571427
22,18,4,0.18181818181818182
12,9,3,0.25
19,13,6,0.3157894736842105
14,12,2,0.14285714285714285
13,9,4,0.3076923076923077
23,21,2,0.08695652173913043
18,13,5,0.2777777777777778
18,11,7,0.3888888888888889
14,9,5,0.35714285714285715
18,15,3,0.16666666666666666
12,8,4,0.3333333333333333
7,6,1,0.14285714285714285
20,17,3,0.15
19,15,4,0.21052631578947367
15,12,3,0.2
21,15,6,0.2857142857142857
16,11,5,0.3125
18,14,4,0.2222222222222222
19,16,3,0.15789473684210525
15,13,2,0.13333333333333333
15,12,3,0.2
19,14,5,0.2631578947368421
18,16,2,0.1111111111111111
18,14,4,0.2222222222222222
17,12,5,0.29411764705882354
25,22,3,0.12
23,18,5,0.21739130434782608
17,14,3,0.17647058823529413
17,13,4,0.23529411764705882
20,16,4,0.2
17,15,2,0.11764705882352941
21,17,4,0.19047619047619047
15,10,5,0.3333333333333333
14,11,3,0.21428571428571427
16,14,2,0.125
21,19,2,0.09523809523809523
18,15,3,0.16666666666666666
17,14,3,0.17647058823529413
19,14,5,0.2631578947368421
24,23,1,0.041666666666666664
12,7,5,0.4166666666666667
13,10,3,0.23076923076923078
13,13,0,0.0
18,17,1,0.05555555555555555
9,6,3,0.3333333333333333
16,14,2,0.125
15,13,2,0.13333333333333333
19,13,6,0.3157894736842105
18,14,4,0.2222222222222222
17,12,5,0.29411764705882354
22,18,4,0.18181818181818182
15,10,5,0.3333333333333333
18,12,6,0.3333333333333333
16,16,0,0.0
21,17,4,0.19047619047619047
16,14,2,0.125
25,22,3,0.12
15,12,3,0.2
13,10,3,0.23076923076923078
13,8,5,0.38461538461538464
20,18,2,0.1
20,12,8,0.4
14,11,3,0.21428571428571427
17,13,4,0.23529411764705882
20,14,6,0.3
16,11,5,0.3125
19,15,4,0.21052631578947367
22,19,3,0.13636363636363635
17,14,3,0.17647058823529413
16,13,3,0.1875
18,15,3,0.16666666666666666
17,11,6,0.35294117647058826
12,8,4,0.3333333333333333
22,15,7,0.3181818181818182
22,14,8,0.36363636363636365
10,9,1,0.1
24,17,7,0.2916666666666667
20,17,3,0.15
18,10,8,0.4444444444444444
12,9,3,0.25
14,7,7,0.5
19,12,7,0.3684210526315789
14,11,3,0.21428571428571427
13,7,6,0.46153846153846156
12,10,2,0.16666666666666666
23,18,5,0.21739130434782608
18,13,5,0.2777777777777778
15,10,5,0.3333333333333333
19,18,1,0.05263157894736842
16,12,4,0.25
21,18,3,0.14285714285714285
11,7,4,0.36363636363636365
15,13,2,0.13333333333333333
21,15,6,0.2857142857142857
22,17,5,0.22727272727272727
15,10,5,0.3333333333333333
12,10,2,0.16666666666666666
18,13,5,0.2777777777777778
18,17,1,0.05555555555555555
16,12,4,0.25
25,22,3,0.12
18,12,6,0.3333333333333333
15,11,4,0.26666666666666666
23,14,9,0.391304347826087
10,7,3,0.3
8,4,4,0.5
21,14,7,0.3333333333333333
21,17,4,0.19047619047619047
16,13,3,0.1875
10,8,2,0.2
12,7,5,0.4166666666666667
10,7,3,0.3
17,17,0,0.0
21,15,6,0.2857142857142857
25,15,10,0.4
19,15,4,0.21052631578947367
25,20,5,0.2
23,17,6,0.2608695652173913
11,9,2,0.18181818181818182
18,14,4,0.2222222222222222
15,9,6,0.4
15,13,2,0.13333333333333333
6,6,0,0.0
19,16,3,0.15789473684210525
20,11,9,0.45
20,17,3,0.15
12,11,1,0.08333333333333333
14,11,3,0.21428571428571427
20,16,4,0.2
11,5,6,0.5454545454545454
16,15,1,0.0625
3,2,1,0.3333333333333333
18,16,2,0.1111111111111111
15,9,6,0.4
21,14,7,0.3333333333333333
16,11,5,0.3125
25,20,5,0.2
17,12,5,0.29411764705882354
21,17,4,0.19047619047619047
19,16,3,0.15789473684210525
15,14,1,0.06666666666666667
17,13,4,0.23529411764705882
14,11,3,0.21428571428571427
17,12,5,0.29411764705882354
21,16,5,0.23809523809523808
12,7,5,0.4166666666666667
18,15,3,0.16666666666666666
13,9,4,0.3076923076923077
23,13,10,0.43478260869565216
17,11,6,0.35294117647058826
16,12,4,0.25
15,12,3,0.2
19,16,3,0.15789473684210525
14,10,4,0.2857142857142857
19,15,4,0.21052631578947367
12,13,1,0.08333333333333333
23,20,3,0.13043478260869565
19,15,4,0.21052631578947367
21,14,7,0.3333333333333333
21,20,1,0.047619047619047616
17,15,2,0.11764705882352941
17,14,3,0.17647058823529413
17,12,5,0.29411764705882354
21,13,8,0.38095238095238093
21,16,5,0.23809523809523808
18,12,6,0.3333333333333333
18,16,2,0.1111111111111111
22,16,6,0.2727272727272727
10,8,2,0.2
17,13,4,0.23529411764705882
22,16,6,0.2727272727272727
12,10,2,0.16666666666666666
20,13,7,0.35
12,9,3,0.25
20,16,4,0.2
17,15,2,0.11764705882352941
17,12,5,0.29411764705882354
6,4,2,0.3333333333333333
23,19,4,0.17391304347826086
17,12,5,0.29411764705882354
20,13,7,0.35
15,12,3,0.2
10,7,3,0.3
21,18,3,0.14285714285714285
20,17,3,0.15
17,13,4,0.23529411764705882
14,14,0,0.0
21,15,6,0.2857142857142857
13,11,2,0.15384615384615385
18,15,3,0.16666666666666666
24,19,5,0.20833333333333334
13,11,2,0.15384615384615385
16,12,4,0.25
17,14,3,0.17647058823529413
15,10,5,0.3333333333333333
17,12,5,0.29411764705882354
19,16,3,0.15789473684210525
18,12,6,0.3333333333333333
14,12,2,0.14285714285714285
19,14,5,0.2631578947368421
13,15,2,0.15384615384615385
18,17,1,0.05555555555555555
15,12,3,0.2
20,14,6,0.3
17,13,4,0.23529411764705882
20,15,5,0.25
18,11,7,0.3888888888888889
12,9,3,0.25
17,14,3,0.17647058823529413
21,20,1,0.047619047619047616
16,10,6,0.375
9,4,5,0.5555555555555556
19,16,3,0.15789473684210525
13,9,4,0.3076923076923077
16,11,5,0.3125
23,20,3,0.13043478260869565
19,16,3,0.15789473684210525
24,20,4,0.16666666666666666
13,13,0,0.0
17,11,6,0.35294117647058826
18,14,4,0.2222222222222222
16,10,6,0.375
17,13,4,0.23529411764705882
18,14,4,0.2222222222222222
10,7,3,0.3
16,12,4,0.25
22,18,4,0.18181818181818182
20,15,5,0.25
22,17,5,0.22727272727272727
19,12,7,0.3684210526315789
22,16,6,0.2727272727272727
18,13,5,0.2777777777777778
5,4,1,0.2
11,8,3,0.2727272727272727
18,18,0,0.0
18,17,1,0.05555555555555555
18,11,7,0.3888888888888889
14,10,4,0.2857142857142857
19,15,4,0.21052631578947367
21,15,6,0.2857142857142857
17,13,4,0.23529411764705882
20,15,5,0.25
15,12,3,0.2
12,9,3,0.25
19,13,6,0.3157894736842105
15,13,2,0.13333333333333333
20,16,4,0.2
22,14,8,0.36363636363636365
16,10,6,0.375
12,11,1,0.08333333333333333
12,11,1,0.08333333333333333
11,10,1,0.09090909090909091
19,15,4,0.21052631578947367
19,11,8,0.42105263157894735
24,20,4,0.16666666666666666
16,16,0,0.0
17,12,5,0.29411764705882354
12,9,3,0.25
18,13,5,0.2777777777777778
18,12,6,0.3333333333333333
23,16,7,0.30434782608695654
19,16,3,0.15789473684210525
13,11,2,0.15384615384615385
16,7,9,0.5625
21,15,6,0.2857142857142857
24,18,6,0.25
18,12,6,0.3333333333333333
16,10,6,0.375
15,10,5,0.3333333333333333
14,10,4,0.2857142857142857
17,15,2,0.11764705882352941
15,12,3,0.2
19,14,5,0.2631578947368421
18,12,6,0.3333333333333333
19,9,10,0.5263157894736842
18,11,7,0.3888888888888889
13,12,1,0.07692307692307693
22,18,4,0.18181818181818182
22,15,7,0.3181818181818182
20,13,7,0.35
17,14,3,0.17647058823529413
17,11,6,0.35294117647058826
17,13,4,0.23529411764705882
18,14,4,0.2222222222222222
8,4,4,0.5
18,13,5,0.2777777777777778
23,16,7,0.30434782608695654
16,10,6,0.375
23,18,5,0.21739130434782608
19,15,4,0.21052631578947367
15,12,3,0.2
9,5,4,0.4444444444444444
16,9,7,0.4375
16,14,2,0.125
15,12,3,0.2
19,13,6,0.3157894736842105
19,13,6,0.3157894736842105
20,16,4,0.2
15,10,5,0.3333333333333333
18,14,4,0.2222222222222222
24,19,5,0.20833333333333334
16,17,1,0.0625
11,9,2,0.18181818181818182
17,13,4,0.23529411764705882
19,12,7,0.3684210526315789
23,21,2,0.08695652173913043
22,20,2,0.09090909090909091
15,12,3,0.2
15,12,3,0.2
21,18,3,0.14285714285714285
12,9,3,0.25
16,12,4,0.25
17,12,5,0.29411764705882354
23,19,4,0.17391304347826086
21,14,7,0.3333333333333333
15,11,4,0.26666666666666666
11,10,1,0.09090909090909091
16,13,3,0.1875
19,17,2,0.10526315789473684
18,12,6,0.3333333333333333
22,17,5,0.22727272727272727
20,18,2,0.1
16,8,8,0.5
23,17,6,0.2608695652173913
16,11,5,0.3125
17,17,0,0.0
13,11,2,0.15384615384615385
17,13,4,0.23529411764705882
17,9,8,0.47058823529411764
16,12,4,0.25
13,11,2,0.15384615384615385
19,19,0,0.0
13,11,2,0.15384615384615385
19,15,4,0.21052631578947367
15,11,4,0.26666666666666666
19,14,5,0.2631578947368421
17,15,2,0.11764705882352941
16,13,3,0.1875
22,14,8,0.36363636363636365
20,18,2,0.1
21,19,2,0.09523809523809523
23,14,9,0.391304347826087
20,13,7,0.35
17,15,2,0.11764705882352941
10,7,3,0.3
13,9,4,0.3076923076923077
19,16,3,0.15789473684210525
17,12,5,0.29411764705882354
10,7,3,0.3
20,12,8,0.4
17,12,5,0.29411764705882354
20,17,3,0.15
16,10,6,0.375
17,14,3,0.17647058823529413
13,11,2,0.15384615384615385
18,14,4,0.2222222222222222
6,6,0,0.0
18,12,6,0.3333333333333333
19,16,3,0.15789473684210525
15,11,4,0.26666666666666666
18,13,5,0.2777777777777778
15,10,5,0.3333333333333333
21,15,6,0.2857142857142857
21,12,9,0.42857142857142855
17,13,4,0.23529411764705882
19,17,2,0.10526315789473684
14,10,4,0.2857142857142857
25,21,4,0.16
18,14,4,0.2222222222222222
17,12,5,0.29411764705882354
15,14,1,0.06666666666666667
21,17,4,0.19047619047619047
20,16,4,0.2
15,12,3,0.2
17,13,4,0.23529411764705882
19,14,5,0.2631578947368421
16,13,3,0.1875
17,12,5,0.29411764705882354
18,11,7,0.3888888888888889
16,11,5,0.3125
16,14,2,0.125
19,11,8,0.42105263157894735
16,11,5,0.3125
19,15,4,0.21052631578947367
25,20,5,0.2
25,17,8,0.32
19,22,3,0.15789473684210525
15,7,8,0.5333333333333333
12,9,3,0.25
15,11,4,0.26666666666666666
15,11,4,0.26666666666666666
13,7,6,0.46153846153846156
13,8,5,0.38461538461538464
17,10,7,0.4117647058823529
16,12,4,0.25
17,13,4,0.23529411764705882
14,8,6,0.42857142857142855
21,16,5,0.23809523809523808
22,18,4,0.18181818181818182
20,18,2,0.1
21,17,4,0.19047619047619047
21,19,2,0.09523809523809523
13,10,3,0.23076923076923078
22,17,5,0.22727272727272727
23,16,7,0.30434782608695654
20,14,6,0.3
17,12,5,0.29411764705882354
19,12,7,0.3684210526315789
19,14,5,0.2631578947368421
25,17,8,0.32
18,14,4,0.2222222222222222
21,18,3,0.14285714285714285
22,17,5,0.22727272727272727
18,14,4,0.2222222222222222
16,12,4,0.25
18,11,7,0.3888888888888889
21,15,6,0.2857142857142857
22,16,6,0.2727272727272727
16,9,7,0.4375
9,8,1,0.1111111111111111
16,13,3,0.1875
15,10,5,0.3333333333333333
23,19,4,0.17391304347826086
16,14,2,0.125
18,14,4,0.2222222222222222
15,11,4,0.26666666666666666
22,18,4,0.18181818181818182
16,12,4,0.25
16,15,1,0.0625
10,7,3,0.3
16,14,2,0.125
13,9,4,0.3076923076923077
21,16,5,0.23809523809523808
15,14,1,0.06666666666666667
11,6,5,0.45454545454545453
18,14,4,0.2222222222222222
12,9,3,0.25
11,8,3,0.2727272727272727
15,11,4,0.26666666666666666
12,8,4,0.3333333333333333
18,13,5,0.2777777777777778
17,13,4,0.23529411764705882
19,14,5,0.2631578947368421
11,8,3,0.2727272727272727
15,11,4,0.26666666666666666
19,13,6,0.3157894736842105
15,12,3,0.2
14,12,2,0.14285714285714285
14,10,4,0.2857142857142857
19,15,4,0.21052631578947367
23,18,5,0.21739130434782608
18,12,6,0.3333333333333333
18,14,4,0.2222222222222222
20,16,4,0.2
12,9,3,0.25
16,14,2,0.125
20,18,2,0.1
16,10,6,0.375
20,14,6,0.3
19,14,5,0.2631578947368421
14,11,3,0.21428571428571427
17,13,4,0.23529411764705882
21,15,6,0.2857142857142857
18,15,3,0.16666666666666666
15,11,4,0.26666666666666666
18,12,6,0.3333333333333333
21,13,8,0.38095238095238093
14,11,3,0.21428571428571427
19,13,6,0.3157894736842105
21,16,5,0.23809523809523808
18,14,4,0.2222222222222222
15,12,3,0.2
17,12,5,0.29411764705882354
15,11,4,0.26666666666666666
11,12,1,0.09090909090909091
14,12,2,0.14285714285714285
16,12,4,0.25
20,17,3,0.15
15,10,5,0.3333333333333333
23,16,7,0.30434782608695654
19,17,2,0.10526315789473684
14,14,0,0.0
12,11,1,0.08333333333333333
23,16,7,0.30434782608695654
18,14,4,0.2222222222222222
20,12,8,0.4
10,9,1,0.1
16,10,6,0.375
20,18,2,0.1
16,11,5,0.3125
19,14,5,0.2631578947368421
17,12,5,0.29411764705882354
18,19,1,0.05555555555555555
10,8,2,0.2
20,15,5,0.25
16,8,8,0.5
23,19,4,0.17391304347826086
17,14,3,0.17647058823529413
18,14,4,0.2222222222222222
16,12,4,0.25
16,12,4,0.25
17,16,1,0.058823529411764705
16,14,2,0.125
13,10,3,0.23076923076923078
20,16,4,0.2
18,11,7,0.3888888888888889
8,3,5,0.625
15,10,5,0.3333333333333333
25,19,6,0.24
18,16,2,0.1111111111111111
19,13,6,0.3157894736842105
14,7,7,0.5
15,11,4,0.26666666666666666
21,15,6,0.2857142857142857
23,19,4,0.17391304347826086
15,10,5,0.3333333333333333
14,12,2,0.14285714285714285
20,17,3,0.15
14,10,4,0.2857142857142857
15,12,3,0.2
20,18,2,0.1
19,15,4,0.21052631578947367
20,18,2,0.1
10,6,4,0.4
20,14,6,0.3
16,12,4,0.25
20,15,5,0.25
21,14,7,0.3333333333333333
17,12,5,0.29411764705882354
16,10,6,0.375
17,13,4,0.23529411764705882
13,9,4,0.3076923076923077
21,16,5,0.23809523809523808
23,19,4,0.17391304347826086
19,15,4,0.21052631578947367
18,15,3,0.16666666666666666
18,15,3,0.16666666666666666
20,15,5,0.25
12,7,5,0.4166666666666667
15,14,1,0.06666666666666667
22,17,5,0.22727272727272727
17,16,1,0.058823529411764705
14,13,1,0.07142857142857142
12,7,5,0.4166666666666667
24,17,7,0.2916666666666667
20,15,5,0.25
23,17,6,0.2608695652173913
16,15,1,0.0625
20,17,3,0.15
17,12,5,0.29411764705882354
18,16,2,0.1111111111111111
20,16,4,0.2
13,10,3,0.23076923076923078
19,14,5,0.2631578947368421
12,9,3,0.25
18,13,5,0.2777777777777778
15,12,3,0.2
18,15,3,0.16666666666666666
16,11,5,0.3125
20,18,2,0.1
18,12,6,0.3333333333333333
15,11,4,0.26666666666666666
23,20,3,0.13043478260869565
14,10,4,0.2857142857142857
14,12,2,0.14285714285714285
23,17,6,0.2608695652173913
23,18,5,0.21739130434782608
19,15,4,0.21052631578947367
12,8,4,0.3333333333333333
15,12,3,0.2
22,19,3,0.13636363636363635
17,16,1,0.058823529411764705
12,9,3,0.25
14,9,5,0.35714285714285715
14,12,2,0.14285714285714285
21,19,2,0.09523809523809523
17,12,5,0.29411764705882354
14,11,3,0.21428571428571427
12,9,3,0.25
11,11,0,0.0
12,8,4,0.3333333333333333
14,9,5,0.35714285714285715
15,12,3,0.2
13,9,4,0.3076923076923077
20,13,7,0.35
21,16,5,0.23809523809523808
18,15,3,0.16666666666666666
18,15,3,0.16666666666666666
25,22,3,0.12
19,12,7,0.3684210526315789
20,17,3,0.15
20,14,6,0.3
21,18,3,0.14285714285714285
22,16,6,0.2727272727272727
24,16,8,0.3333333333333333
22,15,7,0.3181818181818182
16,13,3,0.1875
21,16,5,0.23809523809523808
13,7,6,0.46153846153846156
18,12,6,0.3333333333333333
15,11,4,0.26666666666666666
24,16,8,0.3333333333333333
15,11,4,0.26666666666666666
12,9,3,0.25
14,12,2,0.14285714285714285
22,17,5,0.22727272727272727
13,10,3,0.23076923076923078
22,14,8,0.36363636363636365
12,9,3,0.25
16,13,3,0.1875
20,15,5,0.25
15,11,4,0.26666666666666666
22,17,5,0.22727272727272727
14,11,3,0.21428571428571427
19,15,4,0.21052631578947367
17,14,3,0.17647058823529413
16,14,2,0.125
15,11,4,0.26666666666666666
18,22,4,0.2222222222222222
23,18,5,0.21739130434782608
22,18,4,0.18181818181818182
20,18,2,0.1
11,7,4,0.36363636363636365
15,10,5,0.3333333333333333
16,12,4,0.25
12,9,3,0.25
19,12,7,0.3684210526315789
19,16,3,0.15789473684210525
16,12,4,0.25
14,10,4,0.2857142857142857
17,13,4,0.23529411764705882
17,12,5,0.29411764705882354
15,13,2,0.13333333333333333
20,15,5,0.25
22,17,5,0.22727272727272727
22,16,6,0.2727272727272727
21,16,5,0.23809523809523808
17,12,5,0.29411764705882354
9,7,2,0.2222222222222222
7,7,0,0.0
22,18,4,0.18181818181818182
19,15,4,0.21052631578947367
18,13,5,0.2777777777777778
17,12,5,0.29411764705882354
24,20,4,0.16666666666666666
14,13,1,0.07142857142857142
19,15,4,0.21052631578947367
17,14,3,0.17647058823529413
19,11,8,0.42105263157894735
15,10,5,0.3333333333333333
13,11,2,0.15384615384615385
17,11,6,0.35294117647058826
16,13,3,0.1875
11,9,2,0.18181818181818182
20,15,5,0.25
21,18,3,0.14285714285714285
14,10,4,0.2857142857142857
19,14,5,0.2631578947368421
16,11,5,0.3125
19,14,5,0.2631578947368421
21,17,4,0.19047619047619047
7,4,3,0.42857142857142855
14,13,1,0.07142857142857142
12,8,4,0.3333333333333333
19,15,4,0.21052631578947367
16,14,2,0.125
18,14,4,0.2222222222222222
13,11,2,0.15384615384615385
19,15,4,0.21052631578947367
15,12,3,0.2
15,13,2,0.13333333333333333
19,16,3,0.15789473684210525
15,10,5,0.3333333333333333
23,15,8,0.34782608695652173
23,20,3,0.13043478260869565
17,14,3,0.17647058823529413
21,17,4,0.19047619047619047
11,8,3,0.2727272727272727
15,12,3,0.2
13,13,0,0.0
18,13,5,0.2777777777777778
19,15,4,0.21052631578947367
14,10,4,0.2857142857142857
17,14,3,0.17647058823529413
20,15,5,0.25
22,17,5,0.22727272727272727
17,11,6,0.35294117647058826
16,13,3,0.1875
21,14,7,0.3333333333333333
21,16,5,0.23809523809523808
16,9,7,0.4375
17,12,5,0.29411764705882354
17,13,4,0.23529411764705882
13,11,2,0.15384615384615385
20,16,4,0.2
15,12,3,0.2
15,10,5,0.3333333333333333
17,15,2,0.11764705882352941
22,15,7,0.3181818181818182
23,18,5,0.21739130434782608
20,17,3,0.15
17,12,5,0.29411764705882354
23,17,6,0.2608695652173913
8,5,3,0.375
19,16,3,0.15789473684210525
13,10,3,0.23076923076923078
23,16,7,0.30434782608695654
13,9,4,0.3076923076923077
19,15,4,0.21052631578947367
17,15,2,0.11764705882352941
16,11,5,0.3125
16,12,4,0.25
14,13,1,0.07142857142857142
18,15,3,0.16666666666666666
10,9,1,0.1
18,15,3,0.16666666666666666
18,15,3,0.16666666666666666
8,6,2,0.25
11,10,1,0.09090909090909091
17,14,3,0.17647058823529413
12,12,0,0.0
22,14,8,0.36363636363636365
17,12,5,0.29411764705882354
19,14,5,0.2631578947368421
15,8,7,0.4666666666666667
22,17,5,0.22727272727272727
20,14,6,0.3
22,15,7,0.3181818181818182
13,11,2,0.15384615384615385
15,10,5,0.3333333333333333
14,11,3,0.21428571428571427
18,17,1,0.05555555555555555
17,13,4,0.23529411764705882
18,13,5,0.2777777777777778
15,13,2,0.13333333333333333
9,6,3,0.3333333333333333
20,14,6,0.3
17,11,6,0.35294117647058826
18,11,7,0.3888888888888889
21,13,8,0.38095238095238093
12,7,5,0.4166666666666667
3,4,1,0.3333333333333333
15,12,3,0.2
17,16,1,0.058823529411764705
19,12,7,0.3684210526315789
21,14,7,0.3333333333333333
19,16,3,0.15789473684210525
22,16,6,0.2727272727272727
14,11,3,0.21428571428571427
15,8,7,0.4666666666666667
25,20,5,0.2
19,13,6,0.3157894736842105
20,13,7,0.35
20,15,5,0.25
16,11,5,0.3125
17,12,5,0.29411764705882354
19,15,4,0.21052631578947367
21,14,7,0.3333333333333333
21,17,4,0.19047619047619047
21,16,5,0.23809523809523808
22,16,6,0.2727272727272727
10,10,0,0.0
24,19,5,0.20833333333333334
15,10,5,0.3333333333333333
20,12,8,0.4
22,19,3,0.13636363636363635
15,12,3,0.2
17,14,3,0.17647058823529413
18,12,6,0.3333333333333333
20,18,2,0.1
17,15,2,0.11764705882352941
20,14,6,0.3
12,7,5,0.4166666666666667
15,10,5,0.3333333333333333
14,10,4,0.2857142857142857
17,14,3,0.17647058823529413
20,14,6,0.3
15,10,5,0.3333333333333333
17,14,3,0.17647058823529413
19,14,5,0.2631578947368421
17,14,3,0.17647058823529413
14,10,4,0.2857142857142857
14,10,4,0.2857142857142857
17,15,2,0.11764705882352941
16,13,3,0.1875
20,14,6,0.3
20,15,5,0.25
15,11,4,0.26666666666666666
24,18,6,0.25
19,15,4,0.21052631578947367
18,14,4,0.2222222222222222
20,15,5,0.25
18,14,4,0.2222222222222222
20,17,3,0.15
16,14,2,0.125
17,15,2,0.11764705882352941
19,15,4,0.21052631578947367
10,7,3,0.3
15,11,4,0.26666666666666666
18,14,4,0.2222222222222222
17,14,3,0.17647058823529413
20,12,8,0.4
21,14,7,0.3333333333333333
19,16,3,0.15789473684210525
15,10,5,0.3333333333333333
16,13,3,0.1875
13,10,3,0.23076923076923078
16,11,5,0.3125
20,13,7,0.35
23,16,7,0.30434782608695654
17,14,3,0.17647058823529413
19,14,5,0.2631578947368421
24,20,4,0.16666666666666666
14,7,7,0.5
8,6,2,0.25
16,13,3,0.1875
24,17,7,0.2916666666666667
12,7,5,0.4166666666666667
13,9,4,0.3076923076923077
15,11,4,0.26666666666666666
16,14,2,0.125
16,11,5,0.3125
14,9,5,0.35714285714285715
12,7,5,0.4166666666666667
21,17,4,0.19047619047619047
21,14,7,0.3333333333333333
10,8,2,0.2
13,10,3,0.23076923076923078
23,20,3,0.13043478260869565
20,19,1,0.05
16,10,6,0.375
12,10,2,0.16666666666666666
23,18,5,0.21739130434782608
21,15,6,0.2857142857142857
8,5,3,0.375
19,14,5,0.2631578947368421
17,13,4,0.23529411764705882
17,13,4,0.23529411764705882
10,10,0,0.0
16,12,4,0.25
7,4,3,0.42857142857142855
17,14,3,0.17647058823529413
19,15,4,0.21052631578947367
25,19,6,0.24
15,14,1,0.06666666666666667
19,15,4,0.21052631578947367
17,14,3,0.17647058823529413
20,13,7,0.35
25,21,4,0.16
13,9,4,0.3076923076923077
18,13,5,0.2777777777777778
23,20,3,0.13043478260869565
15,11,4,0.26666666666666666
9,7,2,0.2222222222222222
16,12,4,0.25
11,9,2,0.18181818181818182
12,12,0,0.0
21,17,4,0.19047619047619047
18,12,6,0.3333333333333333
15,12,3,0.2
17,13,4,0.23529411764705882
19,13,6,0.3157894736842105
16,12,4,0.25
21,16,5,0.23809523809523808
17,9,8,0.47058823529411764
19,15,4,0.21052631578947367
17,12,5,0.29411764705882354
16,10,6,0.375
21,13,8,0.38095238095238093
13,13,0,0.0
19,9,10,0.5263157894736842
18,16,2,0.1111111111111111
19,14,5,0.2631578947368421
21,17,4,0.19047619047619047
12,10,2,0.16666666666666666
18,11,7,0.3888888888888889
18,14,4,0.2222222222222222
22,16,6,0.2727272727272727
18,13,5,0.2777777777777778
20,16,4,0.2
22,19,3,0.13636363636363635
20,16,4,0.2
8,8,0,0.0
18,16,2,0.1111111111111111
14,12,2,0.14285714285714285
13,10,3,0.23076923076923078
25,17,8,0.32
24,18,6,0.25
18,12,6,0.3333333333333333
21,22,1,0.047619047619047616
18,13,5,0.2777777777777778
8,7,1,0.125
18,17,1,0.05555555555555555
22,16,6,0.2727272727272727
23,18,5,0.21739130434782608
25,18,7,0.28
15,10,5,0.3333333333333333
19,14,5,0.2631578947368421
17,12,5,0.29411764705882354
18,15,3,0.16666666666666666
20,14,6,0.3
20,14,6,0.3
17,12,5,0.29411764705882354
22,16,6,0.2727272727272727
24,17,7,0.2916666666666667
24,18,6,0.25
23,18,5,0.21739130434782608
14,12,2,0.14285714285714285
19,15,4,0.21052631578947367
21,14,7,0.3333333333333333
16,13,3,0.1875
20,14,6,0.3
24,20,4,0.16666666666666666
16,13,3,0.1875
15,13,2,0.13333333333333333
11,11,0,0.0
20,18,2,0.1
16,12,4,0.25
22,17,5,0.22727272727272727
15,13,2,0.13333333333333333
14,11,3,0.21428571428571427
17,16,1,0.058823529411764705
17,14,3,0.17647058823529413
18,14,4,0.2222222222222222
17,15,2,0.11764705882352941
22,16,6,0.2727272727272727
18,12,6,0.3333333333333333
17,13,4,0.23529411764705882
15,14,1,0.06666666666666667
10,10,0,0.0
16,13,3,0.1875
15,13,2,0.13333333333333333
12,10,2,0.16666666666666666
15,12,3,0.2
11,11,0,0.0
8,5,3,0.375
15,11,4,0.26666666666666666
17,13,4,0.23529411764705882
13,12,1,0.07692307692307693
21,15,6,0.2857142857142857
13,10,3,0.23076923076923078
18,12,6,0.3333333333333333
23,16,7,0.30434782608695654
22,18,4,0.18181818181818182
12,10,2,0.16666666666666666
16,12,4,0.25
8,7,1,0.125
21,16,5,0.23809523809523808
15,10,5,0.3333333333333333
10,8,2,0.2
22,19,3,0.13636363636363635
16,15,1,0.0625
22,16,6,0.2727272727272727
21,14,7,0.3333333333333333
12,9,3,0.25
14,10,4,0.2857142857142857
19,15,4,0.21052631578947367
15,13,2,0.13333333333333333
17,12,5,0.29411764705882354
15,9,6,0.4
24,17,7,0.2916666666666667
25,21,4,0.16
13,8,5,0.38461538461538464
8,6,2,0.25
19,13,6,0.3157894736842105
15,12,3,0.2
16,13,3,0.1875
15,13,2,0.13333333333333333
18,13,5,0.2777777777777778
23,18,5,0.21739130434782608
20,15,5,0.25
19,11,8,0.42105263157894735
14,12,2,0.14285714285714285
21,18,3,0.14285714285714285
20,18,2,0.1
16,11,5,0.3125
15,13,2,0.13333333333333333
14,8,6,0.42857142857142855
20,15,5,0.25
24,19,5,0.20833333333333334
12,8,4,0.3333333333333333
20,17,3,0.15
19,16,3,0.15789473684210525
19,13,6,0.3157894736842105
19,14,5,0.2631578947368421
19,14,5,0.2631578947368421
16,14,2,0.125
18,14,4,0.2222222222222222
15,13,2,0.13333333333333333
19,12,7,0.3684210526315789
16,13,3,0.1875
18,13,5,0.2777777777777778
17,12,5,0.29411764705882354
15,13,2,0.13333333333333333
11,10,1,0.09090909090909091
16,13,3,0.1875
15,12,3,0.2
21,17,4,0.19047619047619047
18,14,4,0.2222222222222222
21,18,3,0.14285714285714285
21,14,7,0.3333333333333333
21,16,5,0.23809523809523808
21,16,5,0.23809523809523808
11,9,2,0.18181818181818182
14,12,2,0.14285714285714285
24,21,3,0.125
16,11,5,0.3125
16,11,5,0.3125
19,11,8,0.42105263157894735
18,12,6,0.3333333333333333
12,13,1,0.08333333333333333
17,10,7,0.4117647058823529
14,10,4,0.2857142857142857
19,16,3,0.15789473684210525
19,15,4,0.21052631578947367
17,12,5,0.29411764705882354
22,19,3,0.13636363636363635
19,17,2,0.10526315789473684
15,9,6,0.4
14,8,6,0.42857142857142855
16,8,8,0.5
16,11,5,0.3125
16,10,6,0.375
12,10,2,0.16666666666666666
13,7,6,0.46153846153846156
13,11,2,0.15384615384615385
12,9,3,0.25
19,10,9,0.47368421052631576
15,9,6,0.4
19,15,4,0.21052631578947367
24,20,4,0.16666666666666666
15,11,4,0.26666666666666666
16,14,2,0.125
17,13,4,0.23529411764705882
16,13,3,0.1875
19,16,3,0.15789473684210525
22,19,3,0.13636363636363635
19,13,6,0.3157894736842105
18,14,4,0.2222222222222222
19,13,6,0.3157894736842105
16,12,4,0.25
17,9,8,0.47058823529411764
22,19,3,0.13636363636363635
15,13,2,0.13333333333333333
21,14,7,0.3333333333333333
19,14,5,0.2631578947368421
22,17,5,0.22727272727272727
23,16,7,0.30434782608695654
20,14,6,0.3
9,7,2,0.2222222222222222
16,13,3,0.1875
16,11,5,0.3125
15,12,3,0.2
14,9,5,0.35714285714285715
9,6,3,0.3333333333333333
13,11,2,0.15384615384615385
13,11,2,0.15384615384615385
7,8,1,0.14285714285714285
17,12,5,0.29411764705882354
24,18,6,0.25
18,12,6,0.3333333333333333
17,14,3,0.17647058823529413
15,12,3,0.2
17,15,2,0.11764705882352941
22,17,5,0.22727272727272727
20,15,5,0.25
21,18,3,0.14285714285714285
11,7,4,0.36363636363636365
17,12,5,0.29411764705882354
16,12,4,0.25
20,15,5,0.25
13,11,2,0.15384615384615385
17,11,6,0.35294117647058826
18,14,4,0.2222222222222222
12,10,2,0.16666666666666666
18,15,3,0.16666666666666666
14,14,0,0.0
18,12,6,0.3333333333333333
23,17,6,0.2608695652173913
16,11,5,0.3125
18,16,2,0.1111111111111111
19,12,7,0.3684210526315789
16,12,4,0.25
11,9,2,0.18181818181818182
21,16,5,0.23809523809523808
24,18,6,0.25
12,12,0,0.0
18,15,3,0.16666666666666666
11,9,2,0.18181818181818182
14,12,2,0.14285714285714285
10,7,3,0.3
14,9,5,0.35714285714285715
14,10,4,0.2857142857142857
11,9,2,0.18181818181818182
18,16,2,0.1111111111111111
23,17,6,0.2608695652173913
18,13,5,0.2777777777777778
18,15,3,0.16666666666666666
15,11,4,0.26666666666666666
19,13,6,0.3157894736842105
14,13,1,0.07142857142857142
18,18,0,0.0
21,18,3,0.14285714285714285
19,13,6,0.3157894736842105
17,15,2,0.11764705882352941
16,12,4,0.25
11,11,0,0.0
18,13,5,0.2777777777777778
9,7,2,0.2222222222222222
7,4,3,0.42857142857142855
13,9,4,0.3076923076923077
17,11,6,0.35294117647058826
14,11,3,0.21428571428571427
13,10,3,0.23076923076923078
16,11,5,0.3125
23,20,3,0.13043478260869565
21,13,8,0.38095238095238093
25,26,1,0.04
9,5,4,0.4444444444444444
16,13,3,0.1875
12,10,2,0.16666666666666666
20,12,8,0.4
15,11,4,0.26666666666666666
16,13,3,0.1875
18,15,3,0.16666666666666666
11,8,3,0.2727272727272727
20,16,4,0.2
17,10,7,0.4117647058823529
17,14,3,0.17647058823529413
20,18,2,0.1
21,16,5,0.23809523809523808
15,13,2,0.13333333333333333
18,17,1,0.05555555555555555
11,9,2,0.18181818181818182
15,14,1,0.06666666666666667
15,12,3,0.2
17,12,5,0.29411764705882354
12,10,2,0.16666666666666666
23,19,4,0.17391304347826086
17,12,5,0.29411764705882354
23,15,8,0.34782608695652173
20,14,6,0.3
13,12,1,0.07692307692307693
9,8,1,0.1111111111111111
15,11,4,0.26666666666666666
21,16,5,0.23809523809523808
16,13,3,0.1875
16,9,7,0.4375
16,13,3,0.1875
18,13,5,0.2777777777777778
10,6,4,0.4
15,13,2,0.13333333333333333
11,8,3,0.2727272727272727
14,13,1,0.07142857142857142
19,15,4,0.21052631578947367
16,13,3,0.1875
22,14,8,0.36363636363636365
17,12,5,0.29411764705882354
22,15,7,0.3181818181818182
16,12,4,0.25
15,12,3,0.2
23,16,7,0.30434782608695654
7,4,3,0.42857142857142855
14,7,7,0.5
17,16,1,0.058823529411764705
12,8,4,0.3333333333333333
17,16,1,0.058823529411764705
15,9,6,0.4
21,16,5,0.23809523809523808
18,14,4,0.2222222222222222
13,11,2,0.15384615384615385
18,17,1,0.05555555555555555
22,15,7,0.3181818181818182
19,13,6,0.3157894736842105
13,10,3,0.23076923076923078
17,14,3,0.17647058823529413
22,20,2,0.09090909090909091
18,14,4,0.2222222222222222
14,13,1,0.07142857142857142
11,9,2,0.18181818181818182
14,9,5,0.35714285714285715
13,11,2,0.15384615384615385
21,14,7,0.3333333333333333
20,17,3,0.15
19,16,3,0.15789473684210525
19,13,6,0.3157894736842105
17,15,2,0.11764705882352941
16,9,7,0.4375
23,18,5,0.21739130434782608
18,13,5,0.2777777777777778
17,15,2,0.11764705882352941
14,8,6,0.42857142857142855
18,13,5,0.2777777777777778
23,18,5,0.21739130434782608
14,9,5,0.35714285714285715
20,16,4,0.2
15,11,4,0.26666666666666666
17,13,4,0.23529411764705882
21,14,7,0.3333333333333333
18,16,2,0.1111111111111111
13,10,3,0.23076923076923078
17,11,6,0.35294117647058826
15,9,6,0.4
9,4,5,0.5555555555555556
14,9,5,0.35714285714285715
15,10,5,0.3333333333333333
18,11,7,0.3888888888888889
15,8,7,0.4666666666666667
23,19,4,0.17391304347826086
22,15,7,0.3181818181818182
13,9,4,0.3076923076923077
18,12,6,0.3333333333333333
22,18,4,0.18181818181818182
15,11,4,0.26666666666666666
18,17,1,0.05555555555555555
15,10,5,0.3333333333333333
21,14,7,0.3333333333333333
15,12,3,0.2
11,11,0,0.0
21,14,7,0.3333333333333333
21,15,6,0.2857142857142857
18,15,3,0.16666666666666666
12,10,2,0.16666666666666666
23,17,6,0.2608695652173913
17,11,6,0.35294117647058826
12,10,2,0.16666666666666666
17,12,5,0.29411764705882354
17,13,4,0.23529411764705882
10,9,1,0.1
15,11,4,0.26666666666666666
18,10,8,0.4444444444444444
16,13,3,0.1875
16,11,5,0.3125
17,8,9,0.5294117647058824
20,16,4,0.2
21,14,7,0.3333333333333333
19,16,3,0.15789473684210525
19,15,4,0.21052631578947367
16,13,3,0.1875
7,7,0,0.0
17,13,4,0.23529411764705882
19,12,7,0.3684210526315789
11,9,2,0.18181818181818182
19,12,7,0.3684210526315789
13,9,4,0.3076923076923077
16,13,3,0.1875
24,19,5,0.20833333333333334
10,9,1,0.1
12,10,2,0.16666666666666666
20,15,5,0.25
18,12,6,0.3333333333333333
15,13,2,0.13333333333333333
23,19,4,0.17391304347826086
19,17,2,0.10526315789473684
12,12,0,0.0
19,15,4,0.21052631578947367
17,14,3,0.17647058823529413
20,16,4,0.2
17,16,1,0.058823529411764705
16,8,8,0.5
15,10,5,0.3333333333333333
13,9,4,0.3076923076923077
13,10,3,0.23076923076923078
20,15,5,0.25
18,14,4,0.2222222222222222
10,7,3,0.3
20,16,4,0.2
6,5,1,0.16666666666666666
13,11,2,0.15384615384615385
20,15,5,0.25
19,15,4,0.21052631578947367
19,16,3,0.15789473684210525
17,15,2,0.11764705882352941
5,5,0,0.0
18,16,2,0.1111111111111111
17,15,2,0.11764705882352941
18,16,2,0.1111111111111111
14,11,3,0.21428571428571427
23,8,15,0.6521739130434783
21,15,6,0.2857142857142857
14,10,4,0.2857142857142857
18,14,4,0.2222222222222222
18,14,4,0.2222222222222222
21,15,6,0.2857142857142857
14,11,3,0.21428571428571427
17,15,2,0.11764705882352941
17,14,3,0.17647058823529413
19,14,5,0.2631578947368421
17,13,4,0.23529411764705882
21,17,4,0.19047619047619047
20,14,6,0.3
18,11,7,0.3888888888888889
25,19,6,0.24
16,11,5,0.3125
21,17,4,0.19047619047619047
16,13,3,0.1875
18,13,5,0.2777777777777778
17,13,4,0.23529411764705882
15,13,2,0.13333333333333333
14,12,2,0.14285714285714285
12,9,3,0.25
17,17,0,0.0
13,10,3,0.23076923076923078
19,11,8,0.42105263157894735
20,16,4,0.2
24,17,7,0.2916666666666667
10,7,3,0.3
9,7,2,0.2222222222222222
15,12,3,0.2
25,19,6,0.24
13,11,2,0.15384615384615385
19,14,5,0.2631578947368421
19,18,1,0.05263157894736842
18,11,7,0.3888888888888889
19,17,2,0.10526315789473684
17,13,4,0.23529411764705882
16,11,5,0.3125
14,11,3,0.21428571428571427
16,14,2,0.125
15,11,4,0.26666666666666666
16,13,3,0.1875
22,18,4,0.18181818181818182
25,21,4,0.16
14,14,0,0.0
19,13,6,0.3157894736842105
11,7,4,0.36363636363636365
23,17,6,0.2608695652173913
20,14,6,0.3
18,11,7,0.3888888888888889
13,10,3,0.23076923076923078
19,16,3,0.15789473684210525
24,16,8,0.3333333333333333
18,12,6,0.3333333333333333
17,10,7,0.4117647058823529
19,15,4,0.21052631578947367
21,18,3,0.14285714285714285
17,14,3,0.17647058823529413
18,14,4,0.2222222222222222
21,12,9,0.42857142857142855
21,19,2,0.09523809523809523
17,14,3,0.17647058823529413
9,7,2,0.2222222222222222
14,9,5,0.35714285714285715
18,15,3,0.16666666666666666
17,13,4,0.23529411764705882
20,16,4,0.2
13,9,4,0.3076923076923077
19,15,4,0.21052631578947367
17,12,5,0.29411764705882354
13,11,2,0.15384615384615385
14,11,3,0.21428571428571427
15,10,5,0.3333333333333333
25,18,7,0.28
21,17,4,0.19047619047619047
9,7,2,0.2222222222222222
19,13,6,0.3157894736842105
12,6,6,0.5
10,9,1,0.1
8,6,2,0.25
15,11,4,0.26666666666666666
15,8,7,0.4666666666666667
8,6,2,0.25
19,17,2,0.10526315789473684
16,11,5,0.3125
14,12,2,0.14285714285714285
17,14,3,0.17647058823529413
15,10,5,0.3333333333333333
19,15,4,0.21052631578947367
20,13,7,0.35
19,18,1,0.05263157894736842
15,11,4,0.26666666666666666
15,9,6,0.4
13,8,5,0.38461538461538464
18,12,6,0.3333333333333333
14,9,5,0.35714285714285715
24,19,5,0.20833333333333334
13,12,1,0.07692307692307693
17,15,2,0.11764705882352941
12,10,2,0.16666666666666666
16,11,5,0.3125
20,17,3,0.15
18,16,2,0.1111111111111111
10,7,3,0.3
20,16,4,0.2
19,12,7,0.3684210526315789
16,14,2,0.125
12,7,5,0.4166666666666667
12,9,3,0.25
13,10,3,0.23076923076923078
24,20,4,0.16666666666666666
17,10,7,0.4117647058823529
19,15,4,0.21052631578947367
23,17,6,0.2608695652173913
12,5,7,0.5833333333333334
19,15,4,0.21052631578947367
17,13,4,0.23529411764705882
19,14,5,0.2631578947368421
9,5,4,0.4444444444444444
15,10,5,0.3333333333333333
17,12,5,0.29411764705882354
14,12,2,0.14285714285714285
12,11,1,0.08333333333333333
16,14,2,0.125
15,10,5,0.3333333333333333
16,12,4,0.25
17,11,6,0.35294117647058826
11,8,3,0.2727272727272727
12,10,2,0.16666666666666666
15,14,1,0.06666666666666667
17,12,5,0.29411764705882354
16,13,3,0.1875
12,10,2,0.16666666666666666
16,13,3,0.1875
15,11,4,0.26666666666666666
19,14,5,0.2631578947368421
12,10,2,0.16666666666666666
21,15,6,0.2857142857142857
16,15,1,0.0625
16,12,4,0.25
19,15,4,0.21052631578947367
21,18,3,0.14285714285714285
23,19,4,0.17391304347826086
10,8,2,0.2
19,13,6,0.3157894736842105
20,17,3,0.15
14,10,4,0.2857142857142857
21,17,4,0.19047619047619047
16,12,4,0.25
16,13,3,0.1875
19,16,3,0.15789473684210525
13,10,3,0.23076923076923078
14,11,3,0.21428571428571427
17,13,4,0.23529411764705882
14,13,1,0.07142857142857142
12,12,0,0.0
14,11,3,0.21428571428571427
18,16,2,0.1111111111111111
12,11,1,0.08333333333333333
19,15,4,0.21052631578947367
16,11,5,0.3125
14,12,2,0.14285714285714285
17,12,5,0.29411764705882354
13,7,6,0.46153846153846156
20,14,6,0.3
16,10,6,0.375
19,16,3,0.15789473684210525
16,12,4,0.25
15,10,5,0.3333333333333333
22,20,2,0.09090909090909091
17,13,4,0.23529411764705882
19,15,4,0.21052631578947367
18,16,2,0.1111111111111111
21,15,6,0.2857142857142857
17,12,5,0.29411764705882354
21,16,5,0.23809523809523808
9,7,2,0.2222222222222222
20,15,5,0.25
16,10,6,0.375
19,14,5,0.2631578947368421
13,7,6,0.46153846153846156
11,7,4,0.36363636363636365
20,17,3,0.15
13,9,4,0.3076923076923077
15,11,4,0.26666666666666666
19,10,9,0.47368421052631576
16,15,1,0.0625
13,9,4,0.3076923076923077
17,13,4,0.23529411764705882
17,13,4,0.23529411764705882
16,11,5,0.3125
20,13,7,0.35
20,16,4,0.2
17,13,4,0.23529411764705882
16,12,4,0.25
15,10,5,0.3333333333333333
12,8,4,0.3333333333333333
18,7,11,0.6111111111111112
23,15,8,0.34782608695652173
16,10,6,0.375
17,12,5,0.29411764705882354
20,19,1,0.05
24,18,6,0.25
21,17,4,0.19047619047619047
20,15,5,0.25
16,10,6,0.375
18,13,5,0.2777777777777778
19,14,5,0.2631578947368421
21,13,8,0.38095238095238093
18,13,5,0.2777777777777778
22,18,4,0.18181818181818182
16,11,5,0.3125
20,17,3,0.15
19,14,5,0.2631578947368421
18,15,3,0.16666666666666666
19,14,5,0.2631578947368421
20,13,7,0.35
16,14,2,0.125
12,10,2,0.16666666666666666
16,10,6,0.375
8,6,2,0.25
19,15,4,0.21052631578947367
19,17,2,0.10526315789473684
17,13,4,0.23529411764705882
17,14,3,0.17647058823529413
19,13,6,0.3157894736842105
17,12,5,0.29411764705882354
23,17,6,0.2608695652173913
21,16,5,0.23809523809523808
22,18,4,0.18181818181818182
18,12,6,0.3333333333333333
24,15,9,0.375
17,11,6,0.35294117647058826
16,8,8,0.5
12,9,3,0.25
14,10,4,0.2857142857142857
19,16,3,0.15789473684210525
13,8,5,0.38461538461538464
11,8,3,0.2727272727272727
15,11,4,0.26666666666666666
19,12,7,0.3684210526315789
13,11,2,0.15384615384615385
18,13,5,0.2777777777777778
17,14,3,0.17647058823529413
19,15,4,0.21052631578947367
25,18,7,0.28
17,10,7,0.4117647058823529
16,9,7,0.4375
21,15,6,0.2857142857142857
25,19,6,0.24
20,14,6,0.3
22,21,1,0.045454545454545456
17,16,1,0.058823529411764705
21,17,4,0.19047619047619047
11,9,2,0.18181818181818182
8,7,1,0.125
15,12,3,0.2
21,14,7,0.3333333333333333
13,13,0,0.0
18,13,5,0.2777777777777778
18,11,7,0.3888888888888889
16,13,3,0.1875
21,16,5,0.23809523809523808
10,10,0,0.0
14,11,3,0.21428571428571427
15,11,4,0.26666666666666666
14,13,1,0.07142857142857142
19,15,4,0.21052631578947367
16,16,0,0.0
12,9,3,0.25
11,7,4,0.36363636363636365
21,16,5,0.23809523809523808
20,17,3,0.15
20,16,4,0.2
9,9,0,0.0
13,11,2,0.15384615384615385
5,5,0,0.0
16,12,4,0.25
16,15,1,0.0625
21,17,4,0.19047619047619047
19,13,6,0.3157894736842105
12,9,3,0.25
17,11,6,0.35294117647058826
23,20,3,0.13043478260869565
18,15,3,0.16666666666666666
13,10,3,0.23076923076923078
24,15,9,0.375
13,11,2,0.15384615384615385
14,12,2,0.14285714285714285
21,16,5,0.23809523809523808
14,12,2,0.14285714285714285
24,19,5,0.20833333333333334
20,14,6,0.3
14,11,3,0.21428571428571427
18,11,7,0.3888888888888889
8,6,2,0.25
14,11,3,0.21428571428571427
20,15,5,0.25
18,15,3,0.16666666666666666
18,13,5,0.2777777777777778
19,13,6,0.3157894736842105
21,17,4,0.19047619047619047
18,12,6,0.3333333333333333
10,8,2,0.2
21,17,4,0.19047619047619047
17,13,4,0.23529411764705882
14,11,3,0.21428571428571427
15,12,3,0.2
18,14,4,0.2222222222222222
19,15,4,0.21052631578947367
10,8,2,0.2
19,16,3,0.15789473684210525
15,13,2,0.13333333333333333
16,15,1,0.0625
13,11,2,0.15384615384615385
19,11,8,0.42105263157894735
18,15,3,0.16666666666666666
18,9,9,0.5
19,14,5,0.2631578947368421
21,17,4,0.19047619047619047
11,11,0,0.0
12,8,4,0.3333333333333333
25,21,4,0.16
18,10,8,0.4444444444444444
18,13,5,0.2777777777777778
20,15,5,0.25
14,11,3,0.21428571428571427
21,12,9,0.42857142857142855
10,6,4,0.4
15,12,3,0.2
16,12,4,0.25
13,9,4,0.3076923076923077
18,12,6,0.3333333333333333
11,8,3,0.2727272727272727
14,8,6,0.42857142857142855
13,9,4,0.3076923076923077
21,18,3,0.14285714285714285
14,12,2,0.14285714285714285
18,11,7,0.3888888888888889
9,6,3,0.3333333333333333
21,15,6,0.2857142857142857
16,13,3,0.1875
16,9,7,0.4375
21,18,3,0.14285714285714285
11,9,2,0.18181818181818182
19,16,3,0.15789473684210525
16,12,4,0.25
18,9,9,0.5
19,11,8,0.42105263157894735
18,13,5,0.2777777777777778
24,18,6,0.25
19,14,5,0.2631578947368421
20,18,2,0.1
22,16,6,0.2727272727272727
17,12,5,0.29411764705882354
16,13,3,0.1875
10,9,1,0.1
19,12,7,0.3684210526315789
9,9,0,0.0
22,19,3,0.13636363636363635
13,15,2,0.15384615384615385
17,13,4,0.23529411764705882
21,16,5,0.23809523809523808
13,11,2,0.15384615384615385
16,13,3,0.1875
13,11,2,0.15384615384615385
21,18,3,0.14285714285714285
16,14,2,0.125
12,6,6,0.5
15,12,3,0.2
16,12,4,0.25
22,19,3,0.13636363636363635
20,17,3,0.15
18,13,5,0.2777777777777778
13,8,5,0.38461538461538464
13,7,6,0.46153846153846156
15,12,3,0.2
14,11,3,0.21428571428571427
18,14,4,0.2222222222222222
23,18,5,0.21739130434782608
15,15,0,0.0
14,7,7,0.5
7,6,1,0.14285714285714285
19,16,3,0.15789473684210525
20,13,7,0.35
14,12,2,0.14285714285714285
17,13,4,0.23529411764705882
13,10,3,0.23076923076923078
19,15,4,0.21052631578947367
13,11,2,0.15384615384615385
20,16,4,0.2
15,12,3,0.2
17,14,3,0.17647058823529413
21,18,3,0.14285714285714285
15,11,4,0.26666666666666666
17,14,3,0.17647058823529413
12,10,2,0.16666666666666666
18,15,3,0.16666666666666666
23,17,6,0.2608695652173913
17,15,2,0.11764705882352941
7,4,3,0.42857142857142855
18,16,2,0.1111111111111111
17,14,3,0.17647058823529413
14,11,3,0.21428571428571427
18,16,2,0.1111111111111111
11,9,2,0.18181818181818182
17,15,2,0.11764705882352941
23,17,6,0.2608695652173913
7,6,1,0.14285714285714285
15,14,1,0.06666666666666667
23,19,4,0.17391304347826086
17,13,4,0.23529411764705882
13,10,3,0.23076923076923078
11,8,3,0.2727272727272727
17,11,6,0.35294117647058826
9,7,2,0.2222222222222222
14,11,3,0.21428571428571427
16,11,5,0.3125
22,18,4,0.18181818181818182
13,10,3,0.23076923076923078
18,17,1,0.05555555555555555
18,13,5,0.2777777777777778
20,15,5,0.25
17,17,0,0.0
18,11,7,0.3888888888888889
14,11,3,0.21428571428571427
13,9,4,0.3076923076923077
18,12,6,0.3333333333333333
20,16,4,0.2
15,11,4,0.26666666666666666
17,16,1,0.058823529411764705
18,16,2,0.1111111111111111
15,13,2,0.13333333333333333
14,10,4,0.2857142857142857
15,10,5,0.3333333333333333
21,15,6,0.2857142857142857
16,14,2,0.125
19,14,5,0.2631578947368421
15,13,2,0.13333333333333333
16,12,4,0.25
19,17,2,0.10526315789473684
23,18,5,0.21739130434782608
12,10,2,0.16666666666666666
21,14,7,0.3333333333333333
18,11,7,0.3888888888888889
10,9,1,0.1
9,5,4,0.4444444444444444
15,10,5,0.3333333333333333
19,15,4,0.21052631578947367
13,10,3,0.23076923076923078
14,12,2,0.14285714285714285
13,9,4,0.3076923076923077
14,10,4,0.2857142857142857
10,4,6,0.6
15,12,3,0.2
18,14,4,0.2222222222222222
25,21,4,0.16
22,14,8,0.36363636363636365
17,14,3,0.17647058823529413
19,15,4,0.21052631578947367
17,14,3,0.17647058823529413
15,11,4,0.26666666666666666
12,10,2,0.16666666666666666
16,11,5,0.3125
19,15,4,0.21052631578947367
13,11,2,0.15384615384615385
16,12,4,0.25
24,19,5,0.20833333333333334
15,14,1,0.06666666666666667
23,18,5,0.21739130434782608
15,8,7,0.4666666666666667
22,16,6,0.2727272727272727
17,14,3,0.17647058823529413
11,6,5,0.45454545454545453
25,21,4,0.16
13,12,1,0.07692307692307693
23,16,7,0.30434782608695654
19,14,5,0.2631578947368421
14,11,3,0.21428571428571427
17,15,2,0.11764705882352941
19,16,3,0.15789473684210525
14,11,3,0.21428571428571427
13,9,4,0.3076923076923077
15,12,3,0.2
10,9,1,0.1
21,16,5,0.23809523809523808
18,13,5,0.2777777777777778
21,15,6,0.2857142857142857
16,12,4,0.25
16,14,2,0.125
12,12,0,0.0
20,15,5,0.25
15,12,3,0.2
11,7,4,0.36363636363636365
17,17,0,0.0
15,10,5,0.3333333333333333
22,15,7,0.3181818181818182
15,14,1,0.06666666666666667
21,15,6,0.2857142857142857
18,14,4,0.2222222222222222
17,16,1,0.058823529411764705
16,15,1,0.0625
16,12,4,0.25
16,11,5,0.3125
15,13,2,0.13333333333333333
21,12,9,0.42857142857142855
17,13,4,0.23529411764705882
20,12,8,0.4
23,18,5,0.21739130434782608
21,15,6,0.2857142857142857
14,10,4,0.2857142857142857
15,9,6,0.4
17,12,5,0.29411764705882354
21,16,5,0.23809523809523808
18,13,5,0.2777777777777778
18,14,4,0.2222222222222222
18,15,3,0.16666666666666666
18,15,3,0.16666666666666666
23,17,6,0.2608695652173913
19,13,6,0.3157894736842105
13,10,3,0.23076923076923078
19,14,5,0.2631578947368421
9,8,1,0.1111111111111111
15,13,2,0.13333333333333333
21,13,8,0.38095238095238093
16,12,4,0.25
19,15,4,0.21052631578947367
18,15,3,0.16666666666666666
17,14,3,0.17647058823529413
16,14,2,0.125
20,12,8,0.4
16,12,4,0.25
15,11,4,0.26666666666666666
22,14,8,0.36363636363636365
20,17,3,0.15
19,16,3,0.15789473684210525
20,17,3,0.15
13,11,2,0.15384615384615385
17,12,5,0.29411764705882354
22,19,3,0.13636363636363635
22,16,6,0.2727272727272727
14,12,2,0.14285714285714285
13,8,5,0.38461538461538464
16,12,4,0.25
14,11,3,0.21428571428571427
14,9,5,0.35714285714285715
23,12,11,0.4782608695652174
18,14,4,0.2222222222222222
21,13,8,0.38095238095238093
17,14,3,0.17647058823529413
15,10,5,0.3333333333333333
14,11,3,0.21428571428571427
17,16,1,0.058823529411764705
18,13,5,0.2777777777777778
20,14,6,0.3
20,17,3,0.15
10,4,6,0.6
15,12,3,0.2
16,8,8,0.5
16,14,2,0.125
15,13,2,0.13333333333333333
22,17,5,0.22727272727272727
23,16,7,0.30434782608695654
15,12,3,0.2
9,6,3,0.3333333333333333
15,12,3,0.2
18,11,7,0.3888888888888889
12,10,2,0.16666666666666666
19,14,5,0.2631578947368421
23,21,2,0.08695652173913043
20,16,4,0.2
10,6,4,0.4
22,19,3,0.13636363636363635
19,12,7,0.3684210526315789
17,15,2,0.11764705882352941
16,11,5,0.3125
13,8,5,0.38461538461538464
21,17,4,0.19047619047619047
20,14,6,0.3
8,6,2,0.25
21,15,6,0.2857142857142857
20,15,5,0.25
20,14,6,0.3
20,15,5,0.25
16,13,3,0.1875
17,12,5,0.29411764705882354
23,18,5,0.21739130434782608
20,18,2,0.1
15,9,6,0.4
16,10,6,0.375
19,13,6,0.3157894736842105
19,12,7,0.3684210526315789
17,12,5,0.29411764705882354
18,14,4,0.2222222222222222
16,12,4,0.25
12,9,3,0.25
17,11,6,0.35294117647058826
8,3,5,0.625
14,10,4,0.2857142857142857
15,12,3,0.2
17,12,5,0.29411764705882354
20,16,4,0.2
15,14,1,0.06666666666666667
14,12,2,0.14285714285714285
16,11,5,0.3125
21,15,6,0.2857142857142857
20,16,4,0.2
25,17,8,0.32
19,14,5,0.2631578947368421
18,14,4,0.2222222222222222
22,17,5,0.22727272727272727
22,18,4,0.18181818181818182
20,15,5,0.25
22,15,7,0.3181818181818182
18,14,4,0.2222222222222222
20,14,6,0.3
20,14,6,0.3
11,8,3,0.2727272727272727
21,15,6,0.2857142857142857
19,14,5,0.2631578947368421
21,16,5,0.23809523809523808
15,9,6,0.4
25,20,5,0.2
18,11,7,0.3888888888888889
23,16,7,0.30434782608695654
19,14,5,0.2631578947368421
17,12,5,0.29411764705882354
17,16,1,0.058823529411764705
21,15,6,0.2857142857142857
15,13,2,0.13333333333333333
19,10,9,0.47368421052631576
20,17,3,0.15
19,16,3,0.15789473684210525
22,15,7,0.3181818181818182
18,14,4,0.2222222222222222
21,18,3,0.14285714285714285
14,12,2,0.14285714285714285
18,16,2,0.1111111111111111
18,15,3,0.16666666666666666
21,16,5,0.23809523809523808
22,16,6,0.2727272727272727
22,13,9,0.4090909090909091
17,12,5,0.29411764705882354
21,17,4,0.19047619047619047
21,12,9,0.42857142857142855
16,11,5,0.3125
9,9,0,0.0
19,15,4,0.21052631578947367
12,8,4,0.3333333333333333
15,10,5,0.3333333333333333
15,12,3,0.2
18,14,4,0.2222222222222222
14,9,5,0.35714285714285715
13,10,3,0.23076923076923078
24,17,7,0.2916666666666667
11,12,1,0.09090909090909091
20,10,10,0.5
19,16,3,0.15789473684210525
10,10,0,0.0
21,19,2,0.09523809523809523
19,13,6,0.3157894736842105
14,12,2,0.14285714285714285
21,13,8,0.38095238095238093
16,14,2,0.125
22,20,2,0.09090909090909091
13,10,3,0.23076923076923078
18,11,7,0.3888888888888889
15,8,7,0.4666666666666667
9,5,4,0.4444444444444444
19,15,4,0.21052631578947367
17,12,5,0.29411764705882354
17,13,4,0.23529411764705882
20,16,4,0.2
11,9,2,0.18181818181818182
16,12,4,0.25
11,9,2,0.18181818181818182
22,15,7,0.3181818181818182
15,12,3,0.2
23,19,4,0.17391304347826086
14,12,2,0.14285714285714285
18,17,1,0.05555555555555555
15,12,3,0.2
15,12,3,0.2
19,13,6,0.3157894736842105
20,15,5,0.25
18,12,6,0.3333333333333333
6,5,1,0.16666666666666666
16,14,2,0.125
24,21,3,0.125
15,13,2,0.13333333333333333
20,17,3,0.15
10,11,1,0.1
10,6,4,0.4
19,18,1,0.05263157894736842
18,16,2,0.1111111111111111
15,11,4,0.26666666666666666
18,15,3,0.16666666666666666
21,12,9,0.42857142857142855
16,14,2,0.125
19,18,1,0.05263157894736842
25,19,6,0.24
16,12,4,0.25
8,7,1,0.125
20,17,3,0.15
16,8,8,0.5
25,20,5,0.2
17,16,1,0.058823529411764705
11,7,4,0.36363636363636365
14,10,4,0.2857142857142857
12,9,3,0.25
16,10,6,0.375
14,13,1,0.07142857142857142
16,12,4,0.25
15,11,4,0.26666666666666666
11,7,4,0.36363636363636365
20,16,4,0.2
13,8,5,0.38461538461538464
14,11,3,0.21428571428571427
20,14,6,0.3
23,18,5,0.21739130434782608
19,11,8,0.42105263157894735
18,13,5,0.2777777777777778
7,6,1,0.14285714285714285
12,8,4,0.3333333333333333
10,6,4,0.4
21,14,7,0.3333333333333333
12,12,0,0.0
17,12,5,0.29411764705882354
15,13,2,0.13333333333333333
17,14,3,0.17647058823529413
19,13,6,0.3157894736842105
13,13,0,0.0
21,14,7,0.3333333333333333
17,16,1,0.058823529411764705
18,13,5,0.2777777777777778
18,13,5,0.2777777777777778
16,10,6,0.375
14,11,3,0.21428571428571427
19,14,5,0.2631578947368421
17,15,2,0.11764705882352941
15,12,3,0.2
14,9,5,0.35714285714285715
17,13,4,0.23529411764705882
22,17,5,0.22727272727272727
20,14,6,0.3
21,15,6,0.2857142857142857
22,22,0,0.0
18,12,6,0.3333333333333333
7,6,1,0.14285714285714285
18,13,5,0.2777777777777778
15,9,6,0.4
14,12,2,0.14285714285714285
25,19,6,0.24
16,9,7,0.4375
12,10,2,0.16666666666666666
13,8,5,0.38461538461538464
21,19,2,0.09523809523809523
10,8,2,0.2
22,18,4,0.18181818181818182
12,8,4,0.3333333333333333
14,12,2,0.14285714285714285
10,8,2,0.2
15,10,5,0.3333333333333333
16,15,1,0.0625
18,14,4,0.2222222222222222
14,10,4,0.2857142857142857
24,20,4,0.16666666666666666
16,10,6,0.375
19,14,5,0.2631578947368421
15,13,2,0.13333333333333333
12,10,2,0.16666666666666666
15,10,5,0.3333333333333333
18,14,4,0.2222222222222222
16,12,4,0.25
13,11,2,0.15384615384615385
13,8,5,0.38461538461538464
18,12,6,0.3333333333333333
17,12,5,0.29411764705882354
18,13,5,0.2777777777777778
17,13,4,0.23529411764705882
21,15,6,0.2857142857142857
23,20,3,0.13043478260869565
16,13,3,0.1875
18,12,6,0.3333333333333333
22,16,6,0.2727272727272727
16,12,4,0.25
21,16,5,0.23809523809523808
22,19,3,0.13636363636363635
10,8,2,0.2
21,9,12,0.5714285714285714
14,11,3,0.21428571428571427
14,9,5,0.35714285714285715
13,10,3,0.23076923076923078
12,9,3,0.25
21,15,6,0.2857142857142857
16,12,4,0.25
19,17,2,0.10526315789473684
10,7,3,0.3
19,16,3,0.15789473684210525
15,12,3,0.2
10,7,3,0.3
12,8,4,0.3333333333333333
19,10,9,0.47368421052631576
23,19,4,0.17391304347826086
20,14,6,0.3
10,5,5,0.5
15,10,5,0.3333333333333333
19,12,7,0.3684210526315789
21,13,8,0.38095238095238093
22,16,6,0.2727272727272727
19,14,5,0.2631578947368421
19,15,4,0.21052631578947367
17,14,3,0.17647058823529413
17,13,4,0.23529411764705882
15,12,3,0.2
19,14,5,0.2631578947368421
18,15,3,0.16666666666666666
19,15,4,0.21052631578947367
11,7,4,0.36363636363636365
13,10,3,0.23076923076923078
14,11,3,0.21428571428571427
18,15,3,0.16666666666666666
19,14,5,0.2631578947368421
18,14,4,0.2222222222222222
17,17,0,0.0
16,16,0,0.0
13,11,2,0.15384615384615385
16,10,6,0.375
15,10,5,0.3333333333333333
15,10,5,0.3333333333333333
12,7,5,0.4166666666666667
16,13,3,0.1875
12,10,2,0.16666666666666666
13,11,2,0.15384615384615385
17,15,2,0.11764705882352941
19,18,1,0.05263157894736842
16,9,7,0.4375
16,14,2,0.125
22,17,5,0.22727272727272727
17,11,6,0.35294117647058826
12,8,4,0.3333333333333333
19,17,2,0.10526315789473684
19,16,3,0.15789473684210525
17,11,6,0.35294117647058826
17,12,5,0.29411764705882354
19,13,6,0.3157894736842105
18,14,4,0.2222222222222222
24,18,6,0.25
19,17,2,0.10526315789473684
24,21,3,0.125
21,15,6,0.2857142857142857
19,16,3,0.15789473684210525
18,16,2,0.1111111111111111
11,7,4,0.36363636363636365
14,12,2,0.14285714285714285
18,14,4,0.2222222222222222
18,16,2,0.1111111111111111
14,11,3,0.21428571428571427
17,10,7,0.4117647058823529
14,11,3,0.21428571428571427
14,11,3,0.21428571428571427
19,15,4,0.21052631578947367
19,12,7,0.3684210526315789
19,13,6,0.3157894736842105
21,15,6,0.2857142857142857
11,10,1,0.09090909090909091
10,5,5,0.5
16,14,2,0.125
14,11,3,0.21428571428571427
18,15,3,0.16666666666666666
16,13,3,0.1875
24,19,5,0.20833333333333334
19,16,3,0.15789473684210525
18,17,1,0.05555555555555555
13,12,1,0.07692307692307693
22,16,6,0.2727272727272727
20,19,1,0.05
19,15,4,0.21052631578947367
20,16,4,0.2
19,18,1,0.05263157894736842
19,16,3,0.15789473684210525
12,8,4,0.3333333333333333
12,12,0,0.0
14,11,3,0.21428571428571427
14,9,5,0.35714285714285715
22,20,2,0.09090909090909091
16,12,4,0.25
9,5,4,0.4444444444444444
14,12,2,0.14285714285714285
18,13,5,0.2777777777777778
18,16,2,0.1111111111111111
15,12,3,0.2
18,14,4,0.2222222222222222
20,13,7,0.35
17,11,6,0.35294117647058826
13,11,2,0.15384615384615385
17,14,3,0.17647058823529413
15,10,5,0.3333333333333333
17,20,3,0.17647058823529413
18,13,5,0.2777777777777778
19,15,4,0.21052631578947367
16,14,2,0.125
18,14,4,0.2222222222222222
22,17,5,0.22727272727272727
19,15,4,0.21052631578947367
23,18,5,0.21739130434782608
23,18,5,0.21739130434782608
23,17,6,0.2608695652173913
17,13,4,0.23529411764705882
17,12,5,0.29411764705882354
22,19,3,0.13636363636363635
18,13,5,0.2777777777777778
23,18,5,0.21739130434782608
22,18,4,0.18181818181818182
13,8,5,0.38461538461538464
17,13,4,0.23529411764705882
18,14,4,0.2222222222222222
18,14,4,0.2222222222222222
14,10,4,0.2857142857142857
19,16,3,0.15789473684210525
14,12,2,0.14285714285714285
20,16,4,0.2
18,11,7,0.3888888888888889
13,8,5,0.38461538461538464
14,14,0,0.0
16,12,4,0.25
14,10,4,0.2857142857142857
22,15,7,0.3181818181818182
17,17,0,0.0
14,9,5,0.35714285714285715
20,14,6,0.3
23,17,6,0.2608695652173913
22,18,4,0.18181818181818182
18,14,4,0.2222222222222222
17,13,4,0.23529411764705882
11,9,2,0.18181818181818182
13,11,2,0.15384615384615385
18,12,6,0.3333333333333333
12,10,2,0.16666666666666666
18,15,3,0.16666666666666666
23,17,6,0.2608695652173913
14,10,4,0.2857142857142857
17,15,2,0.11764705882352941
20,15,5,0.25
15,13,2,0.13333333333333333
15,9,6,0.4
7,7,0,0.0
14,8,6,0.42857142857142855
13,9,4,0.3076923076923077
16,10,6,0.375
23,19,4,0.17391304347826086
14,12,2,0.14285714285714285
16,12,4,0.25
15,11,4,0.26666666666666666
18,19,1,0.05555555555555555
23,14,9,0.391304347826087
15,8,7,0.4666666666666667
13,9,4,0.3076923076923077
18,12,6,0.3333333333333333
24,19,5,0.20833333333333334
17,13,4,0.23529411764705882
18,14,4,0.2222222222222222
19,16,3,0.15789473684210525
10,9,1,0.1
9,9,0,0.0
18,13,5,0.2777777777777778
16,14,2,0.125
19,16,3,0.15789473684210525
14,11,3,0.21428571428571427
16,13,3,0.1875
16,13,3,0.1875
16,12,4,0.25
19,12,7,0.3684210526315789
17,14,3,0.17647058823529413
16,14,2,0.125
18,15,3,0.16666666666666666
11,7,4,0.36363636363636365
25,19,6,0.24
16,13,3,0.1875
13,9,4,0.3076923076923077
17,15,2,0.11764705882352941
18,16,2,0.1111111111111111
17,16,1,0.058823529411764705
23,17,6,0.2608695652173913
15,13,2,0.13333333333333333
15,12,3,0.2
15,12,3,0.2
22,14,8,0.36363636363636365
19,10,9,0.47368421052631576
17,15,2,0.11764705882352941
7,6,1,0.14285714285714285
20,11,9,0.45
19,16,3,0.15789473684210525
21,19,2,0.09523809523809523
20,12,8,0.4
19,17,2,0.10526315789473684
17,12,5,0.29411764705882354
21,16,5,0.23809523809523808
20,16,4,0.2
10,9,1,0.1
15,13,2,0.13333333333333333
19,18,1,0.05263157894736842
22,18,4,0.18181818181818182
23,17,6,0.2608695652173913
10,9,1,0.1
18,18,0,0.0
20,15,5,0.25
23,19,4,0.17391304347826086
13,10,3,0.23076923076923078
19,15,4,0.21052631578947367
16,13,3,0.1875
19,14,5,0.2631578947368421
18,18,0,0.0
12,11,1,0.08333333333333333
21,19,2,0.09523809523809523
13,10,3,0.23076923076923078
18,14,4,0.2222222222222222
17,12,5,0.29411764705882354
18,14,4,0.2222222222222222
24,17,7,0.2916666666666667
15,13,2,0.13333333333333333
19,11,8,0.42105263157894735
21,19,2,0.09523809523809523
22,16,6,0.2727272727272727
15,12,3,0.2
15,13,2,0.13333333333333333
17,12,5,0.29411764705882354
19,14,5,0.2631578947368421
16,12,4,0.25
21,14,7,0.3333333333333333
17,14,3,0.17647058823529413
14,11,3,0.21428571428571427
10,7,3,0.3
20,13,7,0.35
22,17,5,0.22727272727272727
17,10,7,0.4117647058823529
14,13,1,0.07142857142857142
18,13,5,0.2777777777777778
16,13,3,0.1875
15,13,2,0.13333333333333333
17,14,3,0.17647058823529413
19,15,4,0.21052631578947367
19,16,3,0.15789473684210525
10,7,3,0.3
21,18,3,0.14285714285714285
23,18,5,0.21739130434782608
21,19,2,0.09523809523809523
16,13,3,0.1875
12,8,4,0.3333333333333333
20,14,6,0.3
19,12,7,0.3684210526315789
16,12,4,0.25
15,9,6,0.4
17,15,2,0.11764705882352941
23,18,5,0.21739130434782608
14,11,3,0.21428571428571427
18,16,2,0.1111111111111111
13,10,3,0.23076923076923078
14,11,3,0.21428571428571427
25,20,5,0.2
20,15,5,0.25
20,15,5,0.25
14,11,3,0.21428571428571427
22,9,13,0.5909090909090909
15,13,2,0.13333333333333333
14,10,4,0.2857142857142857
15,12,3,0.2
20,12,8,0.4
19,14,5,0.2631578947368421
21,18,3,0.14285714285714285
22,16,6,0.2727272727272727
24,17,7,0.2916666666666667
16,13,3,0.1875
17,14,3,0.17647058823529413
22,21,1,0.045454545454545456
16,12,4,0.25
13,9,4,0.3076923076923077
19,15,4,0.21052631578947367
12,10,2,0.16666666666666666
17,14,3,0.17647058823529413
14,10,4,0.2857142857142857
19,17,2,0.10526315789473684
21,15,6,0.2857142857142857
17,8,9,0.5294117647058824
19,13,6,0.3157894736842105
16,13,3,0.1875
21,17,4,0.19047619047619047
17,14,3,0.17647058823529413
16,15,1,0.0625
12,8,4,0.3333333333333333
21,16,5,0.23809523809523808
16,13,3,0.1875
18,14,4,0.2222222222222222
19,14,5,0.2631578947368421
21,16,5,0.23809523809523808
12,10,2,0.16666666666666666
22,14,8,0.36363636363636365
17,15,2,0.11764705882352941
11,7,4,0.36363636363636365
18,13,5,0.2777777777777778
19,15,4,0.21052631578947367
18,13,5,0.2777777777777778
19,15,4,0.21052631578947367
17,14,3,0.17647058823529413
20,16,4,0.2
13,9,4,0.3076923076923077
11,8,3,0.2727272727272727
19,16,3,0.15789473684210525
20,13,7,0.35
21,14,7,0.3333333333333333
20,14,6,0.3
20,16,4,0.2
11,9,2,0.18181818181818182
11,9,2,0.18181818181818182
14,8,6,0.42857142857142855
19,15,4,0.21052631578947367
24,20,4,0.16666666666666666
14,11,3,0.21428571428571427
15,14,1,0.06666666666666667
19,14,5,0.2631578947368421
24,17,7,0.2916666666666667
21,12,9,0.42857142857142855
21,18,3,0.14285714285714285
6,6,0,0.0
22,17,5,0.22727272727272727
23,16,7,0.30434782608695654
19,15,4,0.21052631578947367
17,15,2,0.11764705882352941
20,13,7,0.35
13,9,4,0.3076923076923077
13,9,4,0.3076923076923077
20,15,5,0.25
15,14,1,0.06666666666666667
15,12,3,0.2
17,14,3,0.17647058823529413
16,12,4,0.25
14,10,4,0.2857142857142857
21,17,4,0.19047619047619047
22,17,5,0.22727272727272727
16,13,3,0.1875
16,15,1,0.0625
14,10,4,0.2857142857142857
12,9,3,0.25
12,10,2,0.16666666666666666
17,11,6,0.35294117647058826
25,17,8,0.32
18,12,6,0.3333333333333333
23,21,2,0.08695652173913043
16,13,3,0.1875
23,15,8,0.34782608695652173
17,14,3,0.17647058823529413
22,15,7,0.3181818181818182
21,16,5,0.23809523809523808
21,13,8,0.38095238095238093
12,9,3,0.25
18,14,4,0.2222222222222222
15,10,5,0.3333333333333333
10,8,2,0.2
9,7,2,0.2222222222222222
24,17,7,0.2916666666666667
18,15,3,0.16666666666666666
17,13,4,0.23529411764705882
17,14,3,0.17647058823529413
19,13,6,0.3157894736842105
16,11,5,0.3125
11,7,4,0.36363636363636365
22,16,6,0.2727272727272727
18,12,6,0.3333333333333333
20,13,7,0.35
13,11,2,0.15384615384615385
15,12,3,0.2
18,17,1,0.05555555555555555
20,17,3,0.15
20,15,5,0.25
18,15,3,0.16666666666666666
13,9,4,0.3076923076923077
19,12,7,0.3684210526315789
22,19,3,0.13636363636363635
16,14,2,0.125
15,14,1,0.06666666666666667
16,13,3,0.1875
20,14,6,0.3
13,10,3,0.23076923076923078
13,12,1,0.07692307692307693
24,17,7,0.2916666666666667
18,15,3,0.16666666666666666
15,10,5,0.3333333333333333
12,10,2,0.16666666666666666
20,17,3,0.15
15,12,3,0.2
13,10,3,0.23076923076923078
15,11,4,0.26666666666666666
15,10,5,0.3333333333333333
17,14,3,0.17647058823529413
21,16,5,0.23809523809523808
22,19,3,0.13636363636363635
20,15,5,0.25
13,11,2,0.15384615384615385
13,10,3,0.23076923076923078
10,8,2,0.2
13,12,1,0.07692307692307693
13,9,4,0.3076923076923077
19,15,4,0.21052631578947367
16,13,3,0.1875
17,10,7,0.4117647058823529
14,12,2,0.14285714285714285
21,14,7,0.3333333333333333
15,12,3,0.2
14,8,6,0.42857142857142855
17,13,4,0.23529411764705882
14,11,3,0.21428571428571427
19,12,7,0.3684210526315789
19,15,4,0.21052631578947367
22,15,7,0.3181818181818182
13,13,0,0.0
13,11,2,0.15384615384615385
18,14,4,0.2222222222222222
24,21,3,0.125
19,14,5,0.2631578947368421
8,7,1,0.125
10,8,2,0.2
24,19,5,0.20833333333333334
20,17,3,0.15
19,13,6,0.3157894736842105
21,16,5,0.23809523809523808
21,17,4,0.19047619047619047
20,16,4,0.2
11,10,1,0.09090909090909091
21,17,4,0.19047619047619047
21,15,6,0.2857142857142857
18,14,4,0.2222222222222222
18,14,4,0.2222222222222222
20,14,6,0.3
20,14,6,0.3
17,13,4,0.23529411764705882
19,12,7,0.3684210526315789
19,15,4,0.21052631578947367
19,16,3,0.15789473684210525
15,10,5,0.3333333333333333
13,9,4,0.3076923076923077
18,11,7,0.3888888888888889
13,11,2,0.15384615384615385
23,19,4,0.17391304347826086
20,13,7,0.35
20,16,4,0.2
17,15,2,0.11764705882352941
8,6,2,0.25
18,12,6,0.3333333333333333
17,12,5,0.29411764705882354
14,11,3,0.21428571428571427
19,14,5,0.2631578947368421
15,11,4,0.26666666666666666
23,15,8,0.34782608695652173
15,14,1,0.06666666666666667
21,13,8,0.38095238095238093
16,12,4,0.25
14,11,3,0.21428571428571427
9,8,1,0.1111111111111111
19,16,3,0.15789473684210525
18,12,6,0.3333333333333333
18,14,4,0.2222222222222222
24,19,5,0.20833333333333334
19,15,4,0.21052631578947367
18,13,5,0.2777777777777778
19,13,6,0.3157894736842105
18,13,5,0.2777777777777778
18,14,4,0.2222222222222222
18,14,4,0.2222222222222222
14,10,4,0.2857142857142857
13,8,5,0.38461538461538464
17,12,5,0.29411764705882354
22,16,6,0.2727272727272727
20,15,5,0.25
14,10,4,0.2857142857142857
14,12,2,0.14285714285714285
24,21,3,0.125
18,15,3,0.16666666666666666
18,15,3,0.16666666666666666
13,10,3,0.23076923076923078
16,13,3,0.1875
19,14,5,0.2631578947368421
17,12,5,0.29411764705882354
22,17,5,0.22727272727272727
21,15,6,0.2857142857142857
19,13,6,0.3157894736842105
17,10,7,0.4117647058823529
22,17,5,0.22727272727272727
22,17,5,0.22727272727272727
20,14,6,0.3
16,13,3,0.1875
9,6,3,0.3333333333333333
12,10,2,0.16666666666666666
15,12,3,0.2
20,17,3,0.15
9,8,1,0.1111111111111111
22,17,5,0.22727272727272727
13,10,3,0.23076923076923078
20,14,6,0.3
18,14,4,0.2222222222222222
19,17,2,0.10526315789473684
9,9,0,0.0
23,16,7,0.30434782608695654
22,16,6,0.2727272727272727
25,20,5,0.2
20,15,5,0.25
14,10,4,0.2857142857142857
17,14,3,0.17647058823529413
19,15,4,0.21052631578947367
14,9,5,0.35714285714285715
23,19,4,0.17391304347826086
16,14,2,0.125
14,11,3,0.21428571428571427
16,10,6,0.375
18,12,6,0.3333333333333333
21,15,6,0.2857142857142857
16,10,6,0.375
25,21,4,0.16
19,14,5,0.2631578947368421
16,11,5,0.3125
14,10,4,0.2857142857142857
15,12,3,0.2
17,12,5,0.29411764705882354
17,12,5,0.29411764705882354
13,11,2,0.15384615384615385
13,11,2,0.15384615384615385
17,13,4,0.23529411764705882
21,16,5,0.23809523809523808
19,14,5,0.2631578947368421
11,8,3,0.2727272727272727
11,10,1,0.09090909090909091
19,14,5,0.2631578947368421
15,8,7,0.4666666666666667
18,14,4,0.2222222222222222
16,13,3,0.1875
16,10,6,0.375
20,15,5,0.25
14,11,3,0.21428571428571427
18,13,5,0.2777777777777778
22,18,4,0.18181818181818182
11,10,1,0.09090909090909091
18,15,3,0.16666666666666666
16,13,3,0.1875
17,14,3,0.17647058823529413
13,9,4,0.3076923076923077
20,16,4,0.2
16,10,6,0.375
22,18,4,0.18181818181818182
22,17,5,0.22727272727272727
12,10,2,0.16666666666666666
20,16,4,0.2
12,10,2,0.16666666666666666
15,14,1,0.06666666666666667
15,13,2,0.13333333333333333
19,14,5,0.2631578947368421
20,12,8,0.4
15,8,7,0.4666666666666667
14,12,2,0.14285714285714285
16,12,4,0.25
12,8,4,0.3333333333333333
17,13,4,0.23529411764705882
17,13,4,0.23529411764705882
25,20,5,0.2
19,15,4,0.21052631578947367
15,10,5,0.3333333333333333
22,19,3,0.13636363636363635
7,4,3,0.42857142857142855
13,9,4,0.3076923076923077
20,14,6,0.3
14,11,3,0.21428571428571427
20,17,3,0.15
21,14,7,0.3333333333333333
23,16,7,0.30434782608695654
20,14,6,0.3
21,17,4,0.19047619047619047
13,10,3,0.23076923076923078
17,11,6,0.35294117647058826
11,8,3,0.2727272727272727
21,19,2,0.09523809523809523
15,12,3,0.2
16,15,1,0.0625
16,12,4,0.25
9,8,1,0.1111111111111111
19,16,3,0.15789473684210525
13,11,2,0.15384615384615385
17,10,7,0.4117647058823529
18,16,2,0.1111111111111111
13,13,0,0.0
18,12,6,0.3333333333333333
20,15,5,0.25
17,10,7,0.4117647058823529
14,11,3,0.21428571428571427
16,13,3,0.1875
20,15,5,0.25
21,19,2,0.09523809523809523
13,12,1,0.07692307692307693
22,15,7,0.3181818181818182
14,10,4,0.2857142857142857
22,18,4,0.18181818181818182
17,13,4,0.23529411764705882
16,13,3,0.1875
17,15,2,0.11764705882352941
17,10,7,0.4117647058823529
20,16,4,0.2
14,13,1,0.07142857142857142
8,4,4,0.5
17,15,2,0.11764705882352941
17,14,3,0.17647058823529413
17,13,4,0.23529411764705882
14,12,2,0.14285714285714285
13,7,6,0.46153846153846156
15,11,4,0.26666666666666666
20,14,6,0.3
14,12,2,0.14285714285714285
15,12,3,0.2
24,21,3,0.125
17,13,4,0.23529411764705882
15,12,3,0.2
16,12,4,0.25
9,7,2,0.2222222222222222
19,15,4,0.21052631578947367
14,13,1,0.07142857142857142
21,15,6,0.2857142857142857
16,11,5,0.3125
18,14,4,0.2222222222222222
18,15,3,0.16666666666666666
14,13,1,0.07142857142857142
15,8,7,0.4666666666666667
15,11,4,0.26666666666666666
17,16,1,0.058823529411764705
17,11,6,0.35294117647058826
13,12,1,0.07692307692307693
19,16,3,0.15789473684210525
18,15,3,0.16666666666666666
16,13,3,0.1875
21,12,9,0.42857142857142855
18,13,5,0.2777777777777778
18,13,5,0.2777777777777778
20,14,6,0.3
19,16,3,0.15789473684210525
16,13,3,0.1875
18,17,1,0.05555555555555555
16,16,0,0.0
12,6,6,0.5
19,14,5,0.2631578947368421
17,15,2,0.11764705882352941
17,13,4,0.23529411764705882
20,16,4,0.2
22,17,5,0.22727272727272727
10,6,4,0.4
23,25,2,0.08695652173913043
17,7,10,0.5882352941176471
18,13,5,0.2777777777777778
16,13,3,0.1875
17,10,7,0.4117647058823529
19,13,6,0.3157894736842105
20,16,4,0.2
19,19,0,0.0
22,16,6,0.2727272727272727
11,8,3,0.2727272727272727
18,15,3,0.16666666666666666
14,11,3,0.21428571428571427
15,12,3,0.2
9,7,2,0.2222222222222222
15,12,3,0.2
12,9,3,0.25
17,13,4,0.23529411764705882
22,18,4,0.18181818181818182
22,17,5,0.22727272727272727
14,10,4,0.2857142857142857
19,14,5,0.2631578947368421
16,9,7,0.4375
24,18,6,0.25
20,17,3,0.15
19,15,4,0.21052631578947367
9,6,3,0.3333333333333333
15,13,2,0.13333333333333333
15,13,2,0.13333333333333333
12,7,5,0.4166666666666667
14,12,2,0.14285714285714285
18,15,3,0.16666666666666666
18,14,4,0.2222222222222222
21,17,4,0.19047619047619047
15,15,0,0.0
15,14,1,0.06666666666666667
10,9,1,0.1
15,8,7,0.4666666666666667
18,14,4,0.2222222222222222
20,14,6,0.3
24,16,8,0.3333333333333333
11,5,6,0.5454545454545454
22,16,6,0.2727272727272727
11,9,2,0.18181818181818182
19,16,3,0.15789473684210525
13,7,6,0.46153846153846156
14,12,2,0.14285714285714285
23,16,7,0.30434782608695654
16,13,3,0.1875
23,18,5,0.21739130434782608
14,12,2,0.14285714285714285
11,10,1,0.09090909090909091
19,16,3,0.15789473684210525
17,12,5,0.29411764705882354
16,9,7,0.4375
16,12,4,0.25
19,13,6,0.3157894736842105
17,12,5,0.29411764705882354
17,13,4,0.23529411764705882
22,15,7,0.3181818181818182
16,11,5,0.3125
6,4,2,0.3333333333333333
22,20,2,0.09090909090909091
23,19,4,0.17391304347826086
22,21,1,0.045454545454545456
20,14,6,0.3
16,15,1,0.0625
17,12,5,0.29411764705882354
13,9,4,0.3076923076923077
17,13,4,0.23529411764705882
17,15,2,0.11764705882352941
15,10,5,0.3333333333333333
19,13,6,0.3157894736842105
15,11,4,0.26666666666666666
13,8,5,0.38461538461538464
24,16,8,0.3333333333333333
21,16,5,0.23809523809523808
19,13,6,0.3157894736842105
15,7,8,0.5333333333333333
12,10,2,0.16666666666666666
20,15,5,0.25
20,17,3,0.15
24,20,4,0.16666666666666666
11,6,5,0.45454545454545453
9,8,1,0.1111111111111111
21,18,3,0.14285714285714285
16,12,4,0.25
19,13,6,0.3157894736842105
23,18,5,0.21739130434782608
23,14,9,0.391304347826087
16,14,2,0.125
12,10,2,0.16666666666666666
20,13,7,0.35
22,17,5,0.22727272727272727
18,14,4,0.2222222222222222
13,9,4,0.3076923076923077
12,9,3,0.25
21,14,7,0.3333333333333333
22,16,6,0.2727272727272727
11,8,3,0.2727272727272727
20,12,8,0.4
17,14,3,0.17647058823529413
15,10,5,0.3333333333333333
22,16,6,0.2727272727272727
15,12,3,0.2
18,14,4,0.2222222222222222
18,14,4,0.2222222222222222
3,2,1,0.3333333333333333
17,15,2,0.11764705882352941
15,15,0,0.0
19,14,5,0.2631578947368421
17,13,4,0.23529411764705882
18,13,5,0.2777777777777778
18,14,4,0.2222222222222222
18,14,4,0.2222222222222222
25,20,5,0.2
14,12,2,0.14285714285714285
21,15,6,0.2857142857142857
23,17,6,0.2608695652173913
13,12,1,0.07692307692307693
15,11,4,0.26666666666666666
7,6,1,0.14285714285714285
15,12,3,0.2
20,14,6,0.3
21,17,4,0.19047619047619047
19,16,3,0.15789473684210525
16,11,5,0.3125
13,10,3,0.23076923076923078
21,15,6,0.2857142857142857
19,17,2,0.10526315789473684
15,11,4,0.26666666666666666
19,15,4,0.21052631578947367
16,11,5,0.3125
21,19,2,0.09523809523809523
11,9,2,0.18181818181818182
16,12,4,0.25
17,12,5,0.29411764705882354
19,12,7,0.3684210526315789
16,12,4,0.25
14,12,2,0.14285714285714285
21,18,3,0.14285714285714285
16,13,3,0.1875
10,5,5,0.5
17,14,3,0.17647058823529413
13,12,1,0.07692307692307693
20,14,6,0.3
18,12,6,0.3333333333333333
18,10,8,0.4444444444444444
16,13,3,0.1875
17,13,4,0.23529411764705882
19,14,5,0.2631578947368421
14,9,5,0.35714285714285715
22,18,4,0.18181818181818182
19,14,5,0.2631578947368421
9,8,1,0.1111111111111111
17,12,5,0.29411764705882354
17,17,0,0.0
20,15,5,0.25
18,15,3,0.16666666666666666
14,11,3,0.21428571428571427
13,9,4,0.3076923076923077
18,14,4,0.2222222222222222
16,12,4,0.25
22,16,6,0.2727272727272727
13,11,2,0.15384615384615385
16,13,3,0.1875
19,15,4,0.21052631578947367
21,18,3,0.14285714285714285
20,20,0,0.0
14,8,6,0.42857142857142855
12,7,5,0.4166666666666667
15,10,5,0.3333333333333333
16,14,2,0.125
20,15,5,0.25
16,12,4,0.25
13,10,3,0.23076923076923078
19,16,3,0.15789473684210525
19,15,4,0.21052631578947367
16,14,2,0.125
20,12,8,0.4
13,9,4,0.3076923076923077
20,13,7,0.35
20,17,3,0.15
18,15,3,0.16666666666666666
10,6,4,0.4
20,11,9,0.45
11,6,5,0.45454545454545453
16,13,3,0.1875
15,10,5,0.3333333333333333
19,15,4,0.21052631578947367
14,13,1,0.07142857142857142
18,13,5,0.2777777777777778
15,11,4,0.26666666666666666
21,19,2,0.09523809523809523
17,13,4,0.23529411764705882
11,9,2,0.18181818181818182
16,13,3,0.1875
12,10,2,0.16666666666666666
18,11,7,0.3888888888888889
20,18,2,0.1
11,8,3,0.2727272727272727
15,11,4,0.26666666666666666
21,17,4,0.19047619047619047
12,11,1,0.08333333333333333
15,15,0,0.0
17,11,6,0.35294117647058826
19,14,5,0.2631578947368421
23,20,3,0.13043478260869565
20,18,2,0.1
9,9,0,0.0
14,11,3,0.21428571428571427
19,15,4,0.21052631578947367
15,11,4,0.26666666666666666
18,16,2,0.1111111111111111
11,9,2,0.18181818181818182
17,13,4,0.23529411764705882
16,11,5,0.3125
17,14,3,0.17647058823529413
21,16,5,0.23809523809523808
22,16,6,0.2727272727272727
14,14,0,0.0
14,7,7,0.5
14,7,7,0.5
14,11,3,0.21428571428571427
19,13,6,0.3157894736842105
14,12,2,0.14285714285714285
15,10,5,0.3333333333333333
11,7,4,0.36363636363636365
16,13,3,0.1875
19,14,5,0.2631578947368421
24,20,4,0.16666666666666666
21,16,5,0.23809523809523808
17,13,4,0.23529411764705882
11,7,4,0.36363636363636365
9,6,3,0.3333333333333333
20,17,3,0.15
12,8,4,0.3333333333333333
19,12,7,0.3684210526315789
12,11,1,0.08333333333333333
17,13,4,0.23529411764705882
10,7,3,0.3
15,11,4,0.26666666666666666
15,14,1,0.06666666666666667
19,14,5,0.2631578947368421
14,10,4,0.2857142857142857
18,14,4,0.2222222222222222
22,18,4,0.18181818181818182
18,12,6,0.3333333333333333
16,12,4,0.25
17,14,3,0.17647058823529413
19,16,3,0.15789473684210525
14,10,4,0.2857142857142857
18,15,3,0.16666666666666666
18,13,5,0.2777777777777778
19,15,4,0.21052631578947367
20,15,5,0.25
14,14,0,0.0
13,8,5,0.38461538461538464
19,19,0,0.0
20,16,4,0.2
19,16,3,0.15789473684210525
13,10,3,0.23076923076923078
17,12,5,0.29411764705882354
19,15,4,0.21052631578947367
16,10,6,0.375
18,11,7,0.3888888888888889
18,12,6,0.3333333333333333
12,11,1,0.08333333333333333
19,16,3,0.15789473684210525
16,11,5,0.3125
21,15,6,0.2857142857142857
21,16,5,0.23809523809523808
17,12,5,0.29411764705882354
19,14,5,0.2631578947368421
13,11,2,0.15384615384615385
19,14,5,0.2631578947368421
18,14,4,0.2222222222222222
10,8,2,0.2
16,10,6,0.375
18,12,6,0.3333333333333333
14,9,5,0.35714285714285715
10,6,4,0.4
18,14,4,0.2222222222222222
21,18,3,0.14285714285714285
19,12,7,0.3684210526315789
20,17,3,0.15
18,13,5,0.2777777777777778
25,23,2,0.08
16,12,4,0.25
19,14,5,0.2631578947368421
12,8,4,0.3333333333333333
14,10,4,0.2857142857142857
14,10,4,0.2857142857142857
19,16,3,0.15789473684210525
17,14,3,0.17647058823529413
15,12,3,0.2
21,15,6,0.2857142857142857
19,14,5,0.2631578947368421
16,13,3,0.1875
14,10,4,0.2857142857142857
18,15,3,0.16666666666666666
14,12,2,0.14285714285714285
15,13,2,0.13333333333333333
17,11,6,0.35294117647058826
23,18,5,0.21739130434782608
21,16,5,0.23809523809523808
24,17,7,0.2916666666666667
11,7,4,0.36363636363636365
23,19,4,0.17391304347826086
17,13,4,0.23529411764705882
18,14,4,0.2222222222222222
16,12,4,0.25
11,9,2,0.18181818181818182
23,18,5,0.21739130434782608
20,14,6,0.3
20,16,4,0.2
15,9,6,0.4
18,15,3,0.16666666666666666
17,15,2,0.11764705882352941
21,17,4,0.19047619047619047
21,10,11,0.5238095238095238
14,13,1,0.07142857142857142
12,11,1,0.08333333333333333
14,9,5,0.35714285714285715
18,14,4,0.2222222222222222
18,15,3,0.16666666666666666
16,12,4,0.25
12,9,3,0.25
10,9,1,0.1
18,15,3,0.16666666666666666
21,16,5,0.23809523809523808
14,10,4,0.2857142857142857
15,12,3,0.2
18,15,3,0.16666666666666666
15,10,5,0.3333333333333333
15,11,4,0.26666666666666666
22,18,4,0.18181818181818182
19,14,5,0.2631578947368421
12,9,3,0.25
20,15,5,0.25
14,13,1,0.07142857142857142
16,10,6,0.375
13,10,3,0.23076923076923078
16,10,6,0.375
17,13,4,0.23529411764705882
19,15,4,0.21052631578947367
15,10,5,0.3333333333333333
25,21,4,0.16
23,16,7,0.30434782608695654
17,14,3,0.17647058823529413
20,13,7,0.35
21,17,4,0.19047619047619047
17,12,5,0.29411764705882354
13,10,3,0.23076923076923078
14,12,2,0.14285714285714285
20,14,6,0.3
16,7,9,0.5625
11,10,1,0.09090909090909091
17,14,3,0.17647058823529413
22,19,3,0.13636363636363635
16,12,4,0.25
14,13,1,0.07142857142857142
16,14,2,0.125
15,11,4,0.26666666666666666
10,10,0,0.0
17,16,1,0.058823529411764705
24,17,7,0.2916666666666667
16,13,3,0.1875
20,16,4,0.2
16,15,1,0.0625
20,18,2,0.1
20,16,4,0.2
23,19,4,0.17391304347826086
11,9,2,0.18181818181818182
13,10,3,0.23076923076923078
21,11,10,0.47619047619047616
9,7,2,0.2222222222222222
15,9,6,0.4
17,13,4,0.23529411764705882
23,18,5,0.21739130434782608
24,13,11,0.4583333333333333
13,8,5,0.38461538461538464
21,17,4,0.19047619047619047
18,8,10,0.5555555555555556
16,12,4,0.25
18,16,2,0.1111111111111111
16,10,6,0.375
12,10,2,0.16666666666666666
13,10,3,0.23076923076923078
20,14,6,0.3
19,14,5,0.2631578947368421
20,12,8,0.4
18,15,3,0.16666666666666666
13,9,4,0.3076923076923077
19,16,3,0.15789473684210525
13,8,5,0.38461538461538464
15,12,3,0.2
13,10,3,0.23076923076923078
14,12,2,0.14285714285714285
11,9,2,0.18181818181818182
15,8,7,0.4666666666666667
20,13,7,0.35
19,14,5,0.2631578947368421
15,10,5,0.3333333333333333
14,6,8,0.5714285714285714
10,7,3,0.3
13,10,3,0.23076923076923078
14,12,2,0.14285714285714285
15,12,3,0.2
16,12,4,0.25
20,16,4,0.2
10,6,4,0.4
23,17,6,0.2608695652173913
15,12,3,0.2
14,11,3,0.21428571428571427
14,11,3,0.21428571428571427
13,8,5,0.38461538461538464
20,15,5,0.25
19,13,6,0.3157894736842105
16,15,1,0.0625
16,12,4,0.25
7,4,3,0.42857142857142855
21,15,6,0.2857142857142857
20,15,5,0.25
16,14,2,0.125
14,9,5,0.35714285714285715
17,16,1,0.058823529411764705
21,17,4,0.19047619047619047
21,16,5,0.23809523809523808
15,10,5,0.3333333333333333
16,13,3,0.1875
19,14,5,0.2631578947368421
22,17,5,0.22727272727272727
17,11,6,0.35294117647058826
11,9,2,0.18181818181818182
14,13,1,0.07142857142857142
16,13,3,0.1875
16,13,3,0.1875
16,14,2,0.125
11,8,3,0.2727272727272727
21,18,3,0.14285714285714285
17,12,5,0.29411764705882354
17,12,5,0.29411764705882354
17,11,6,0.35294117647058826
9,6,3,0.3333333333333333
15,12,3,0.2
17,13,4,0.23529411764705882
17,13,4,0.23529411764705882
18,10,8,0.4444444444444444
17,12,5,0.29411764705882354
20,15,5,0.25
13,10,3,0.23076923076923078
18,14,4,0.2222222222222222
12,12,0,0.0
12,11,1,0.08333333333333333
18,13,5,0.2777777777777778
17,10,7,0.4117647058823529
16,13,3,0.1875
17,12,5,0.29411764705882354
20,17,3,0.15
18,12,6,0.3333333333333333
17,14,3,0.17647058823529413
16,13,3,0.1875
19,16,3,0.15789473684210525
15,10,5,0.3333333333333333
19,14,5,0.2631578947368421
19,17,2,0.10526315789473684
15,14,1,0.06666666666666667
15,12,3,0.2
11,8,3,0.2727272727272727
14,11,3,0.21428571428571427
19,14,5,0.2631578947368421
20,16,4,0.2
18,13,5,0.2777777777777778
5,4,1,0.2
14,12,2,0.14285714285714285
16,9,7,0.4375
23,16,7,0.30434782608695654
13,8,5,0.38461538461538464
15,10,5,0.3333333333333333
20,16,4,0.2
14,9,5,0.35714285714285715
16,13,3,0.1875
15,11,4,0.26666666666666666
17,11,6,0.35294117647058826
17,13,4,0.23529411764705882
24,19,5,0.20833333333333334
14,11,3,0.21428571428571427
17,14,3,0.17647058823529413
6,5,1,0.16666666666666666
13,11,2,0.15384615384615385
18,11,7,0.3888888888888889
24,18,6,0.25
20,16,4,0.2
12,9,3,0.25
15,12,3,0.2
17,16,1,0.058823529411764705
15,12,3,0.2
22,17,5,0.22727272727272727
14,10,4,0.2857142857142857
17,12,5,0.29411764705882354
23,17,6,0.2608695652173913
21,17,4,0.19047619047619047
22,14,8,0.36363636363636365
16,16,0,0.0
20,13,7,0.35
16,9,7,0.4375
19,14,5,0.2631578947368421
20,14,6,0.3
20,16,4,0.2
10,6,4,0.4
23,19,4,0.17391304347826086
21,9,12,0.5714285714285714
15,11,4,0.26666666666666666
13,11,2,0.15384615384615385
20,15,5,0.25
15,12,3,0.2
17,12,5,0.29411764705882354
17,15,2,0.11764705882352941
17,11,6,0.35294117647058826
17,11,6,0.35294117647058826
22,18,4,0.18181818181818182
22,12,10,0.45454545454545453
16,15,1,0.0625
22,17,5,0.22727272727272727
10,9,1,0.1
19,15,4,0.21052631578947367
17,11,6,0.35294117647058826
11,8,3,0.2727272727272727
11,8,3,0.2727272727272727
10,5,5,0.5
17,14,3,0.17647058823529413
14,12,2,0.14285714285714285
18,14,4,0.2222222222222222
17,15,2,0.11764705882352941
18,14,4,0.2222222222222222
19,13,6,0.3157894736842105
12,10,2,0.16666666666666666
20,15,5,0.25
24,19,5,0.20833333333333334
14,11,3,0.21428571428571427
17,14,3,0.17647058823529413
19,13,6,0.3157894736842105
23,19,4,0.17391304347826086
19,16,3,0.15789473684210525
21,16,5,0.23809523809523808
18,13,5,0.2777777777777778
12,10,2,0.16666666666666666
17,14,3,0.17647058823529413
19,15,4,0.21052631578947367
13,7,6,0.46153846153846156
15,12,3,0.2
17,16,1,0.058823529411764705
18,13,5,0.2777777777777778
17,13,4,0.23529411764705882
13,10,3,0.23076923076923078
14,10,4,0.2857142857142857
16,12,4,0.25
20,14,6,0.3
17,12,5,0.29411764705882354
21,15,6,0.2857142857142857
21,14,7,0.3333333333333333
23,15,8,0.34782608695652173
22,20,2,0.09090909090909091
16,12,4,0.25
19,16,3,0.15789473684210525
24,17,7,0.2916666666666667
14,8,6,0.42857142857142855
18,13,5,0.2777777777777778
14,10,4,0.2857142857142857
17,15,2,0.11764705882352941
16,14,2,0.125
18,15,3,0.16666666666666666
16,11,5,0.3125
18,13,5,0.2777777777777778
13,7,6,0.46153846153846156
13,12,1,0.07692307692307693
11,7,4,0.36363636363636365
15,11,4,0.26666666666666666
23,17,6,0.2608695652173913
14,11,3,0.21428571428571427
14,9,5,0.35714285714285715
16,12,4,0.25
12,9,3,0.25
20,15,5,0.25
24,22,2,0.08333333333333333
15,13,2,0.13333333333333333
16,13,3,0.1875
17,11,6,0.35294117647058826
14,12,2,0.14285714285714285
12,9,3,0.25
12,7,5,0.4166666666666667
21,13,8,0.38095238095238093
11,8,3,0.2727272727272727
8,9,1,0.125
17,11,6,0.35294117647058826
12,9,3,0.25
13,12,1,0.07692307692307693
16,12,4,0.25
20,16,4,0.2
14,11,3,0.21428571428571427
17,11,6,0.35294117647058826
10,6,4,0.4
15,12,3,0.2
14,11,3,0.21428571428571427
18,14,4,0.2222222222222222
16,12,4,0.25
17,12,5,0.29411764705882354
14,11,3,0.21428571428571427
15,14,1,0.06666666666666667
18,15,3,0.16666666666666666
15,10,5,0.3333333333333333
21,18,3,0.14285714285714285
18,15,3,0.16666666666666666
20,16,4,0.2
15,13,2,0.13333333333333333
20,19,1,0.05
16,13,3,0.1875
22,20,2,0.09090909090909091
17,12,5,0.29411764705882354
24,20,4,0.16666666666666666
24,16,8,0.3333333333333333
15,11,4,0.26666666666666666
16,10,6,0.375
20,16,4,0.2
21,15,6,0.2857142857142857
10,9,1,0.1
23,14,9,0.391304347826087
18,15,3,0.16666666666666666
17,14,3,0.17647058823529413
10,7,3,0.3
18,17,1,0.05555555555555555
15,12,3,0.2
16,11,5,0.3125
21,16,5,0.23809523809523808
17,14,3,0.17647058823529413
17,14,3,0.17647058823529413
12,7,5,0.4166666666666667
14,12,2,0.14285714285714285
24,20,4,0.16666666666666666
17,10,7,0.4117647058823529
19,14,5,0.2631578947368421
25,20,5,0.2
13,12,1,0.07692307692307693
25,20,5,0.2
18,10,8,0.4444444444444444
14,11,3,0.21428571428571427
13,11,2,0.15384615384615385
19,11,8,0.42105263157894735
20,12,8,0.4
13,11,2,0.15384615384615385
20,13,7,0.35
10,9,1,0.1
20,18,2,0.1
19,15,4,0.21052631578947367
22,16,6,0.2727272727272727
18,10,8,0.4444444444444444
12,9,3,0.25
12,10,2,0.16666666666666666
17,13,4,0.23529411764705882
18,11,7,0.3888888888888889
14,12,2,0.14285714285714285
20,16,4,0.2
17,19,2,0.11764705882352941
22,13,9,0.4090909090909091
16,12,4,0.25
12,10,2,0.16666666666666666
18,13,5,0.2777777777777778
17,13,4,0.23529411764705882
17,12,5,0.29411764705882354
13,9,4,0.3076923076923077
18,12,6,0.3333333333333333
17,12,5,0.29411764705882354
12,10,2,0.16666666666666666
19,14,5,0.2631578947368421
16,13,3,0.1875
23,16,7,0.30434782608695654
17,13,4,0.23529411764705882
18,17,1,0.05555555555555555
23,17,6,0.2608695652173913
18,13,5,0.2777777777777778
12,10,2,0.16666666666666666
18,13,5,0.2777777777777778
10,7,3,0.3
12,8,4,0.3333333333333333
14,10,4,0.2857142857142857
18,13,5,0.2777777777777778
22,18,4,0.18181818181818182
22,16,6,0.2727272727272727
10,8,2,0.2
23,19,4,0.17391304347826086
16,11,5,0.3125
22,18,4,0.18181818181818182
23,17,6,0.2608695652173913
14,13,1,0.07142857142857142
12,11,1,0.08333333333333333
18,14,4,0.2222222222222222
22,19,3,0.13636363636363635
25,21,4,0.16
17,14,3,0.17647058823529413
25,23,2,0.08
18,15,3,0.16666666666666666
16,11,5,0.3125
22,12,10,0.45454545454545453
19,11,8,0.42105263157894735
8,7,1,0.125
19,15,4,0.21052631578947367
20,16,4,0.2
17,13,4,0.23529411764705882
14,9,5,0.35714285714285715
21,15,6,0.2857142857142857
20,13,7,0.35
15,12,3,0.2
18,14,4,0.2222222222222222
18,14,4,0.2222222222222222
25,18,7,0.28
20,17,3,0.15
20,18,2,0.1
20,16,4,0.2
21,11,10,0.47619047619047616
17,12,5,0.29411764705882354
15,14,1,0.06666666666666667
18,14,4,0.2222222222222222
11,8,3,0.2727272727272727
18,13,5,0.2777777777777778
18,12,6,0.3333333333333333
17,14,3,0.17647058823529413
21,19,2,0.09523809523809523
21,19,2,0.09523809523809523
17,12,5,0.29411764705882354
20,13,7,0.35
18,12,6,0.3333333333333333
15,9,6,0.4
15,10,5,0.3333333333333333
20,17,3,0.15
15,12,3,0.2
16,14,2,0.125
19,13,6,0.3157894736842105
19,13,6,0.3157894736842105
13,12,1,0.07692307692307693
13,13,0,0.0
20,18,2,0.1
16,9,7,0.4375
18,16,2,0.1111111111111111
17,11,6,0.35294117647058826
20,14,6,0.3
19,16,3,0.15789473684210525
21,16,5,0.23809523809523808
16,12,4,0.25
13,9,4,0.3076923076923077
25,20,5,0.2
18,14,4,0.2222222222222222
15,12,3,0.2
19,13,6,0.3157894736842105
14,12,2,0.14285714285714285
18,14,4,0.2222222222222222
15,13,2,0.13333333333333333
20,15,5,0.25
15,12,3,0.2
20,18,2,0.1
21,15,6,0.2857142857142857
19,13,6,0.3157894736842105
16,12,4,0.25
16,14,2,0.125
18,17,1,0.05555555555555555
14,12,2,0.14285714285714285
21,17,4,0.19047619047619047
21,17,4,0.19047619047619047
17,12,5,0.29411764705882354
12,12,0,0.0
12,9,3,0.25
22,16,6,0.2727272727272727
10,8,2,0.2
23,18,5,0.21739130434782608
18,17,1,0.05555555555555555
19,14,5,0.2631578947368421
16,15,1,0.0625
20,15,5,0.25
14,8,6,0.42857142857142855
16,13,3,0.1875
15,12,3,0.2
15,12,3,0.2
17,14,3,0.17647058823529413
19,15,4,0.21052631578947367
14,11,3,0.21428571428571427
16,17,1,0.0625
8,6,2,0.25
17,11,6,0.35294117647058826
20,16,4,0.2
19,12,7,0.3684210526315789
20,18,2,0.1
22,20,2,0.09090909090909091
17,13,4,0.23529411764705882
10,9,1,0.1
23,17,6,0.2608695652173913
15,12,3,0.2
16,8,8,0.5
19,17,2,0.10526315789473684
19,11,8,0.42105263157894735
21,18,3,0.14285714285714285
23,13,10,0.43478260869565216
9,5,4,0.4444444444444444
11,7,4,0.36363636363636365
19,14,5,0.2631578947368421
15,11,4,0.26666666666666666
18,15,3,0.16666666666666666
18,13,5,0.2777777777777778
19,15,4,0.21052631578947367
16,12,4,0.25
14,10,4,0.2857142857142857
22,17,5,0.22727272727272727
9,6,3,0.3333333333333333
20,15,5,0.25
25,24,1,0.04
18,15,3,0.16666666666666666
20,16,4,0.2
22,18,4,0.18181818181818182
21,15,6,0.2857142857142857
17,11,6,0.35294117647058826
22,19,3,0.13636363636363635
12,10,2,0.16666666666666666
21,13,8,0.38095238095238093
15,7,8,0.5333333333333333
12,7,5,0.4166666666666667
23,13,10,0.43478260869565216
17,11,6,0.35294117647058826
21,15,6,0.2857142857142857
8,5,3,0.375
17,12,5,0.29411764705882354
20,15,5,0.25
21,18,3,0.14285714285714285
13,10,3,0.23076923076923078
18,15,3,0.16666666666666666
22,15,7,0.3181818181818182
21,17,4,0.19047619047619047
22,18,4,0.18181818181818182
15,13,2,0.13333333333333333
23,22,1,0.043478260869565216
13,11,2,0.15384615384615385
19,14,5,0.2631578947368421
21,16,5,0.23809523809523808
19,17,2,0.10526315789473684
10,8,2,0.2
19,16,3,0.15789473684210525
14,11,3,0.21428571428571427
17,12,5,0.29411764705882354
11,6,5,0.45454545454545453
10,8,2,0.2
22,18,4,0.18181818181818182
17,11,6,0.35294117647058826
17,12,5,0.29411764705882354
16,11,5,0.3125
16,15,1,0.0625
19,15,4,0.21052631578947367
17,14,3,0.17647058823529413
20,16,4,0.2
11,10,1,0.09090909090909091
18,10,8,0.4444444444444444
16,10,6,0.375
18,14,4,0.2222222222222222
15,9,6,0.4
17,13,4,0.23529411764705882
20,14,6,0.3
13,12,1,0.07692307692307693
18,15,3,0.16666666666666666
14,13,1,0.07142857142857142
22,18,4,0.18181818181818182
20,14,6,0.3
17,14,3,0.17647058823529413
15,12,3,0.2
24,21,3,0.125
23,20,3,0.13043478260869565
12,9,3,0.25
19,15,4,0.21052631578947367
21,16,5,0.23809523809523808
19,15,4,0.21052631578947367
24,14,10,0.4166666666666667
19,15,4,0.21052631578947367
18,17,1,0.05555555555555555
20,12,8,0.4
15,12,3,0.2
14,10,4,0.2857142857142857
20,14,6,0.3
23,17,6,0.2608695652173913
23,20,3,0.13043478260869565
14,12,2,0.14285714285714285
18,14,4,0.2222222222222222
13,10,3,0.23076923076923078
14,11,3,0.21428571428571427
20,13,7,0.35
22,15,7,0.3181818181818182
21,19,2,0.09523809523809523
6,5,1,0.16666666666666666
17,14,3,0.17647058823529413
14,12,2,0.14285714285714285
14,10,4,0.2857142857142857
17,11,6,0.35294117647058826
16,12,4,0.25
14,11,3,0.21428571428571427
10,10,0,0.0
19,15,4,0.21052631578947367
17,13,4,0.23529411764705882
21,18,3,0.14285714285714285
11,7,4,0.36363636363636365
17,13,4,0.23529411764705882
18,13,5,0.2777777777777778
25,16,9,0.36
17,13,4,0.23529411764705882
14,9,5,0.35714285714285715
16,9,7,0.4375
18,12,6,0.3333333333333333
19,14,5,0.2631578947368421
10,7,3,0.3
14,13,1,0.07142857142857142
15,12,3,0.2
12,8,4,0.3333333333333333
18,11,7,0.3888888888888889
25,18,7,0.28
17,14,3,0.17647058823529413
14,11,3,0.21428571428571427
19,17,2,0.10526315789473684
23,19,4,0.17391304347826086
18,13,5,0.2777777777777778
11,8,3,0.2727272727272727
23,11,12,0.5217391304347826
17,10,7,0.4117647058823529
19,14,5,0.2631578947368421
18,12,6,0.3333333333333333
8,4,4,0.5
17,15,2,0.11764705882352941
22,16,6,0.2727272727272727
17,13,4,0.23529411764705882
18,18,0,0.0
18,12,6,0.3333333333333333
11,9,2,0.18181818181818182
17,14,3,0.17647058823529413
16,11,5,0.3125
21,16,5,0.23809523809523808
19,16,3,0.15789473684210525
18,14,4,0.2222222222222222
15,10,5,0.3333333333333333
10,9,1,0.1
16,13,3,0.1875
18,17,1,0.05555555555555555
22,16,6,0.2727272727272727
21,16,5,0.23809523809523808
19,15,4,0.21052631578947367
15,10,5,0.3333333333333333
19,16,3,0.15789473684210525
24,17,7,0.2916666666666667
14,9,5,0.35714285714285715
14,13,1,0.07142857142857142
17,14,3,0.17647058823529413
22,18,4,0.18181818181818182
17,12,5,0.29411764705882354
18,12,6,0.3333333333333333
13,10,3,0.23076923076923078
14,11,3,0.21428571428571427
16,13,3,0.1875
17,14,3,0.17647058823529413
15,12,3,0.2
18,12,6,0.3333333333333333
18,13,5,0.2777777777777778
9,5,4,0.4444444444444444
20,14,6,0.3
17,11,6,0.35294117647058826
16,11,5,0.3125
21,18,3,0.14285714285714285
17,12,5,0.29411764705882354
15,8,7,0.4666666666666667
20,16,4,0.2
12,7,5,0.4166666666666667
13,8,5,0.38461538461538464
19,15,4,0.21052631578947367
16,14,2,0.125
16,14,2,0.125
16,14,2,0.125
22,12,10,0.45454545454545453
21,18,3,0.14285714285714285
24,21,3,0.125
19,18,1,0.05263157894736842
18,15,3,0.16666666666666666
15,10,5,0.3333333333333333
21,16,5,0.23809523809523808
14,10,4,0.2857142857142857
24,21,3,0.125
19,14,5,0.2631578947368421
17,12,5,0.29411764705882354
18,9,9,0.5
13,10,3,0.23076923076923078
17,12,5,0.29411764705882354
16,12,4,0.25
18,15,3,0.16666666666666666
11,9,2,0.18181818181818182
20,17,3,0.15
19,14,5,0.2631578947368421
9,5,4,0.4444444444444444
23,19,4,0.17391304347826086
18,15,3,0.16666666666666666
16,11,5,0.3125
19,14,5,0.2631578947368421
18,13,5,0.2777777777777778
22,17,5,0.22727272727272727
11,7,4,0.36363636363636365
18,12,6,0.3333333333333333
18,14,4,0.2222222222222222
12,10,2,0.16666666666666666
11,9,2,0.18181818181818182
7,5,2,0.2857142857142857
20,14,6,0.3
17,17,0,0.0
18,11,7,0.3888888888888889
21,16,5,0.23809523809523808
16,12,4,0.25
20,12,8,0.4
22,16,6,0.2727272727272727
18,13,5,0.2777777777777778
23,15,8,0.34782608695652173
16,10,6,0.375
22,18,4,0.18181818181818182
17,12,5,0.29411764705882354
15,11,4,0.26666666666666666
19,15,4,0.21052631578947367
14,10,4,0.2857142857142857
17,15,2,0.11764705882352941
15,11,4,0.26666666666666666
17,13,4,0.23529411764705882
16,12,4,0.25
17,11,6,0.35294117647058826
13,11,2,0.15384615384615385
20,18,2,0.1
16,16,0,0.0
13,9,4,0.3076923076923077
25,20,5,0.2
22,16,6,0.2727272727272727
19,15,4,0.21052631578947367
15,11,4,0.26666666666666666
18,14,4,0.2222222222222222
14,11,3,0.21428571428571427
16,11,5,0.3125
21,17,4,0.19047619047619047
22,16,6,0.2727272727272727
21,15,6,0.2857142857142857
9,6,3,0.3333333333333333
12,10,2,0.16666666666666666
19,12,7,0.3684210526315789
9,7,2,0.2222222222222222
16,12,4,0.25
18,14,4,0.2222222222222222
18,13,5,0.2777777777777778
24,22,2,0.08333333333333333
22,19,3,0.13636363636363635
17,14,3,0.17647058823529413
17,12,5,0.29411764705882354
20,17,3,0.15
11,9,2,0.18181818181818182
16,11,5,0.3125
14,13,1,0.07142857142857142
20,14,6,0.3
12,9,3,0.25
22,16,6,0.2727272727272727
22,18,4,0.18181818181818182
15,10,5,0.3333333333333333
15,12,3,0.2
17,15,2,0.11764705882352941
22,15,7,0.3181818181818182
18,14,4,0.2222222222222222
19,15,4,0.21052631578947367
15,10,5,0.3333333333333333
9,8,1,0.1111111111111111
19,14,5,0.2631578947368421
18,15,3,0.16666666666666666
16,14,2,0.125
10,5,5,0.5
12,9,3,0.25
11,8,3,0.2727272727272727
17,14,3,0.17647058823529413
21,15,6,0.2857142857142857
21,17,4,0.19047619047619047
21,15,6,0.2857142857142857
24,20,4,0.16666666666666666
10,9,1,0.1
21,16,5,0.23809523809523808
19,13,6,0.3157894736842105
23,16,7,0.30434782608695654
21,17,4,0.19047619047619047
13,8,5,0.38461538461538464
20,14,6,0.3
16,13,3,0.1875
21,13,8,0.38095238095238093
18,15,3,0.16666666666666666
17,13,4,0.23529411764705882
22,16,6,0.2727272727272727
18,13,5,0.2777777777777778
16,10,6,0.375
19,14,5,0.2631578947368421
18,14,4,0.2222222222222222
13,13,0,0.0
16,13,3,0.1875
17,14,3,0.17647058823529413
17,14,3,0.17647058823529413
11,11,0,0.0
21,20,1,0.047619047619047616
14,8,6,0.42857142857142855
19,15,4,0.21052631578947367
19,14,5,0.2631578947368421
17,15,2,0.11764705882352941
17,13,4,0.23529411764705882
13,8,5,0.38461538461538464
13,11,2,0.15384615384615385
17,11,6,0.35294117647058826
17,15,2,0.11764705882352941
14,12,2,0.14285714285714285
10,9,1,0.1
19,14,5,0.2631578947368421
16,13,3,0.1875
19,14,5,0.2631578947368421
14,12,2,0.14285714285714285
19,10,9,0.47368421052631576
22,18,4,0.18181818181818182
7,3,4,0.5714285714285714
15,12,3,0.2
17,15,2,0.11764705882352941
16,11,5,0.3125
14,11,3,0.21428571428571427
17,14,3,0.17647058823529413
14,12,2,0.14285714285714285
17,12,5,0.29411764705882354
20,17,3,0.15
16,14,2,0.125
8,4,4,0.5
16,9,7,0.4375
11,6,5,0.45454545454545453
19,15,4,0.21052631578947367
20,15,5,0.25
17,14,3,0.17647058823529413
21,14,7,0.3333333333333333
21,17,4,0.19047619047619047
11,5,6,0.5454545454545454
18,13,5,0.2777777777777778
24,20,4,0.16666666666666666
13,10,3,0.23076923076923078
12,9,3,0.25
14,11,3,0.21428571428571427
18,13,5,0.2777777777777778
22,18,4,0.18181818181818182
15,13,2,0.13333333333333333
22,17,5,0.22727272727272727
14,13,1,0.07142857142857142
22,16,6,0.2727272727272727
16,11,5,0.3125
19,17,2,0.10526315789473684
20,16,4,0.2
17,15,2,0.11764705882352941
25,19,6,0.24
12,8,4,0.3333333333333333
14,10,4,0.2857142857142857
18,13,5,0.2777777777777778
23,19,4,0.17391304347826086
22,12,10,0.45454545454545453
20,16,4,0.2
14,12,2,0.14285714285714285
21,16,5,0.23809523809523808
22,15,7,0.3181818181818182
21,14,7,0.3333333333333333
16,11,5,0.3125
21,15,6,0.2857142857142857
21,18,3,0.14285714285714285
16,16,0,0.0
20,13,7,0.35
13,9,4,0.3076923076923077
18,13,5,0.2777777777777778
15,11,4,0.26666666666666666
11,9,2,0.18181818181818182
22,18,4,0.18181818181818182
15,11,4,0.26666666666666666
22,18,4,0.18181818181818182
20,17,3,0.15
19,11,8,0.42105263157894735
19,16,3,0.15789473684210525
17,15,2,0.11764705882352941
22,16,6,0.2727272727272727
17,13,4,0.23529411764705882
24,22,2,0.08333333333333333
20,15,5,0.25
14,12,2,0.14285714285714285
19,13,6,0.3157894736842105
14,9,5,0.35714285714285715
18,16,2,0.1111111111111111
16,16,0,0.0
19,14,5,0.2631578947368421
19,16,3,0.15789473684210525
14,11,3,0.21428571428571427
12,8,4,0.3333333333333333
11,9,2,0.18181818181818182
13,8,5,0.38461538461538464
11,9,2,0.18181818181818182
25,21,4,0.16
18,13,5,0.2777777777777778
16,11,5,0.3125
22,19,3,0.13636363636363635
8,7,1,0.125
15,11,4,0.26666666666666666
17,12,5,0.29411764705882354
16,12,4,0.25
22,18,4,0.18181818181818182
11,8,3,0.2727272727272727
12,10,2,0.16666666666666666
15,11,4,0.26666666666666666
22,21,1,0.045454545454545456
25,16,9,0.36
16,14,2,0.125
19,12,7,0.3684210526315789
17,14,3,0.17647058823529413
16,12,4,0.25
18,14,4,0.2222222222222222
20,15,5,0.25
16,10,6,0.375
17,12,5,0.29411764705882354
19,14,5,0.2631578947368421
23,18,5,0.21739130434782608
11,10,1,0.09090909090909091
12,8,4,0.3333333333333333
11,7,4,0.36363636363636365
25,18,7,0.28
14,15,1,0.07142857142857142
20,16,4,0.2
15,10,5,0.3333333333333333
14,10,4,0.2857142857142857
21,19,2,0.09523809523809523
12,10,2,0.16666666666666666
25,20,5,0.2
19,15,4,0.21052631578947367
25,22,3,0.12
19,15,4,0.21052631578947367
20,13,7,0.35
19,16,3,0.15789473684210525
14,12,2,0.14285714285714285
17,14,3,0.17647058823529413
22,20,2,0.09090909090909091
11,9,2,0.18181818181818182
15,11,4,0.26666666666666666
17,11,6,0.35294117647058826
20,14,6,0.3
13,11,2,0.15384615384615385
20,14,6,0.3
21,16,5,0.23809523809523808
13,12,1,0.07692307692307693
18,12,6,0.3333333333333333
17,14,3,0.17647058823529413
17,16,1,0.058823529411764705
18,12,6,0.3333333333333333
22,16,6,0.2727272727272727
19,14,5,0.2631578947368421
20,16,4,0.2
15,13,2,0.13333333333333333
17,18,1,0.058823529411764705
17,12,5,0.29411764705882354
21,17,4,0.19047619047619047
18,17,1,0.05555555555555555
11,7,4,0.36363636363636365
13,13,0,0.0
22,16,6,0.2727272727272727
16,11,5,0.3125
22,20,2,0.09090909090909091
16,12,4,0.25
14,12,2,0.14285714285714285
14,9,5,0.35714285714285715
14,11,3,0.21428571428571427
17,11,6,0.35294117647058826
8,7,1,0.125
20,17,3,0.15
18,14,4,0.2222222222222222
14,8,6,0.42857142857142855
17,12,5,0.29411764705882354
20,16,4,0.2
21,18,3,0.14285714285714285
16,12,4,0.25
23,16,7,0.30434782608695654
22,17,5,0.22727272727272727
18,14,4,0.2222222222222222
11,8,3,0.2727272727272727
20,13,7,0.35
20,15,5,0.25
18,13,5,0.2777777777777778
16,12,4,0.25
14,13,1,0.07142857142857142
12,11,1,0.08333333333333333
15,11,4,0.26666666666666666
17,11,6,0.35294117647058826
23,20,3,0.13043478260869565
21,16,5,0.23809523809523808
19,15,4,0.21052631578947367
22,16,6,0.2727272727272727
13,9,4,0.3076923076923077
21,18,3,0.14285714285714285
19,14,5,0.2631578947368421
15,11,4,0.26666666666666666
15,12,3,0.2
20,19,1,0.05
14,9,5,0.35714285714285715
22,18,4,0.18181818181818182
15,11,4,0.26666666666666666
15,8,7,0.4666666666666667
10,7,3,0.3
21,18,3,0.14285714285714285
16,15,1,0.0625
13,12,1,0.07692307692307693
19,13,6,0.3157894736842105
15,12,3,0.2
15,11,4,0.26666666666666666
13,11,2,0.15384615384615385
16,9,7,0.4375
16,12,4,0.25
18,13,5,0.2777777777777778
20,18,2,0.1
16,13,3,0.1875
8,6,2,0.25
15,10,5,0.3333333333333333
18,11,7,0.3888888888888889
20,14,6,0.3
21,17,4,0.19047619047619047
19,16,3,0.15789473684210525
19,16,3,0.15789473684210525
13,11,2,0.15384615384615385
22,15,7,0.3181818181818182
22,19,3,0.13636363636363635
14,7,7,0.5
20,15,5,0.25
12,9,3,0.25
20,11,9,0.45
16,12,4,0.25
20,13,7,0.35
14,11,3,0.21428571428571427
14,10,4,0.2857142857142857
9,6,3,0.3333333333333333
13,11,2,0.15384615384615385
14,11,3,0.21428571428571427
18,12,6,0.3333333333333333
16,13,3,0.1875
23,20,3,0.13043478260869565
20,25,5,0.25
12,10,2,0.16666666666666666
21,18,3,0.14285714285714285
10,10,0,0.0
19,13,6,0.3157894736842105
12,9,3,0.25
17,12,5,0.29411764705882354
16,10,6,0.375
15,8,7,0.4666666666666667
15,11,4,0.26666666666666666
11,9,2,0.18181818181818182
14,10,4,0.2857142857142857
17,14,3,0.17647058823529413
20,17,3,0.15
12,6,6,0.5
13,11,2,0.15384615384615385
18,13,5,0.2777777777777778
22,19,3,0.13636363636363635
19,14,5,0.2631578947368421
20,18,2,0.1
20,11,9,0.45
13,9,4,0.3076923076923077
13,9,4,0.3076923076923077
22,15,7,0.3181818181818182
20,17,3,0.15
18,18,0,0.0
16,13,3,0.1875
19,14,5,0.2631578947368421
18,13,5,0.2777777777777778
16,12,4,0.25
17,13,4,0.23529411764705882
16,11,5,0.3125
8,5,3,0.375
15,11,4,0.26666666666666666
17,14,3,0.17647058823529413
14,14,0,0.0
18,13,5,0.2777777777777778
12,8,4,0.3333333333333333
16,7,9,0.5625
10,9,1,0.1
22,18,4,0.18181818181818182
20,16,4,0.2
17,16,1,0.058823529411764705
21,15,6,0.2857142857142857
18,14,4,0.2222222222222222
12,8,4,0.3333333333333333
18,14,4,0.2222222222222222
21,15,6,0.2857142857142857
17,14,3,0.17647058823529413
19,19,0,0.0
18,14,4,0.2222222222222222
10,7,3,0.3
21,18,3,0.14285714285714285
15,10,5,0.3333333333333333
19,14,5,0.2631578947368421
9,8,1,0.1111111111111111
21,15,6,0.2857142857142857
17,13,4,0.23529411764705882
15,11,4,0.26666666666666666
21,13,8,0.38095238095238093
16,12,4,0.25
15,10,5,0.3333333333333333
15,10,5,0.3333333333333333
12,10,2,0.16666666666666666
20,16,4,0.2
21,15,6,0.2857142857142857
15,11,4,0.26666666666666666
18,12,6,0.3333333333333333
14,9,5,0.35714285714285715
18,12,6,0.3333333333333333
16,14,2,0.125
9,3,6,0.6666666666666666
17,11,6,0.35294117647058826
21,9,12,0.5714285714285714
19,15,4,0.21052631578947367
14,9,5,0.35714285714285715
24,18,6,0.25
14,9,5,0.35714285714285715
18,15,3,0.16666666666666666
13,12,1,0.07692307692307693
23,19,4,0.17391304347826086
21,16,5,0.23809523809523808
16,10,6,0.375
18,14,4,0.2222222222222222
17,11,6,0.35294117647058826
18,11,7,0.3888888888888889
20,13,7,0.35
19,14,5,0.2631578947368421
15,10,5,0.3333333333333333
18,12,6,0.3333333333333333
16,12,4,0.25
19,11,8,0.42105263157894735
11,6,5,0.45454545454545453
10,3,7,0.7
24,19,5,0.20833333333333334
19,18,1,0.05263157894736842
16,10,6,0.375
20,14,6,0.3
10,8,2,0.2
19,14,5,0.2631578947368421
20,17,3,0.15
24,17,7,0.2916666666666667
12,8,4,0.3333333333333333
14,9,5,0.35714285714285715
18,14,4,0.2222222222222222
15,9,6,0.4
19,14,5,0.2631578947368421
17,13,4,0.23529411764705882
15,13,2,0.13333333333333333
20,14,6,0.3
17,13,4,0.23529411764705882
13,10,3,0.23076923076923078
12,9,3,0.25
21,18,3,0.14285714285714285
14,9,5,0.35714285714285715
20,12,8,0.4
19,15,4,0.21052631578947367
20,14,6,0.3
22,16,6,0.2727272727272727
18,13,5,0.2777777777777778
22,16,6,0.2727272727272727
15,13,2,0.13333333333333333
20,16,4,0.2
14,10,4,0.2857142857142857
22,14,8,0.36363636363636365
10,9,1,0.1
14,12,2,0.14285714285714285
20,15,5,0.25
15,11,4,0.26666666666666666
22,16,6,0.2727272727272727
19,14,5,0.2631578947368421
12,9,3,0.25
17,11,6,0.35294117647058826
16,11,5,0.3125
24,18,6,0.25
14,8,6,0.42857142857142855
19,14,5,0.2631578947368421
16,9,7,0.4375
17,13,4,0.23529411764705882
14,10,4,0.2857142857142857
17,15,2,0.11764705882352941
21,19,2,0.09523809523809523
20,16,4,0.2
14,10,4,0.2857142857142857
15,10,5,0.3333333333333333
15,11,4,0.26666666666666666
19,16,3,0.15789473684210525
17,12,5,0.29411764705882354
22,19,3,0.13636363636363635
19,15,4,0.21052631578947367
15,11,4,0.26666666666666666
14,11,3,0.21428571428571427
15,13,2,0.13333333333333333
16,10,6,0.375
18,14,4,0.2222222222222222
15,11,4,0.26666666666666666
11,10,1,0.09090909090909091
13,8,5,0.38461538461538464
17,14,3,0.17647058823529413
14,14,0,0.0
13,10,3,0.23076923076923078
8,7,1,0.125
19,10,9,0.47368421052631576
18,16,2,0.1111111111111111
13,10,3,0.23076923076923078
18,13,5,0.2777777777777778
17,12,5,0.29411764705882354
24,19,5,0.20833333333333334
17,13,4,0.23529411764705882
16,12,4,0.25
15,11,4,0.26666666666666666
17,12,5,0.29411764705882354
20,13,7,0.35
19,13,6,0.3157894736842105
11,12,1,0.09090909090909091
25,20,5,0.2
23,22,1,0.043478260869565216
16,8,8,0.5
18,12,6,0.3333333333333333
13,10,3,0.23076923076923078
22,17,5,0.22727272727272727
18,15,3,0.16666666666666666
25,22,3,0.12
17,13,4,0.23529411764705882
19,14,5,0.2631578947368421
21,20,1,0.047619047619047616
24,18,6,0.25
18,14,4,0.2222222222222222
17,11,6,0.35294117647058826
16,11,5,0.3125
19,16,3,0.15789473684210525
17,14,3,0.17647058823529413
12,9,3,0.25
18,12,6,0.3333333333333333
19,12,7,0.3684210526315789
20,17,3,0.15
18,14,4,0.2222222222222222
18,16,2,0.1111111111111111
18,13,5,0.2777777777777778
22,15,7,0.3181818181818182
23,17,6,0.2608695652173913
21,14,7,0.3333333333333333
25,22,3,0.12
20,15,5,0.25
15,10,5,0.3333333333333333
15,10,5,0.3333333333333333
17,13,4,0.23529411764705882
14,10,4,0.2857142857142857
14,10,4,0.2857142857142857
15,10,5,0.3333333333333333
19,13,6,0.3157894736842105
13,9,4,0.3076923076923077
22,18,4,0.18181818181818182
13,8,5,0.38461538461538464
14,12,2,0.14285714285714285
14,10,4,0.2857142857142857
19,15,4,0.21052631578947367
11,8,3,0.2727272727272727
14,12,2,0.14285714285714285
10,8,2,0.2
20,14,6,0.3
18,16,2,0.1111111111111111
17,13,4,0.23529411764705882
22,18,4,0.18181818181818182
14,11,3,0.21428571428571427
14,9,5,0.35714285714285715
16,13,3,0.1875
21,16,5,0.23809523809523808
11,10,1,0.09090909090909091
19,14,5,0.2631578947368421
16,13,3,0.1875
16,9,7,0.4375
11,9,2,0.18181818181818182
14,6,8,0.5714285714285714
13,11,2,0.15384615384615385
17,13,4,0.23529411764705882
20,15,5,0.25
15,8,7,0.4666666666666667
18,13,5,0.2777777777777778
17,14,3,0.17647058823529413
22,17,5,0.22727272727272727
21,18,3,0.14285714285714285
16,14,2,0.125
23,22,1,0.043478260869565216
21,18,3,0.14285714285714285
21,15,6,0.2857142857142857
17,14,3,0.17647058823529413
17,12,5,0.29411764705882354
16,13,3,0.1875
15,13,2,0.13333333333333333
15,13,2,0.13333333333333333
14,8,6,0.42857142857142855
18,14,4,0.2222222222222222
16,14,2,0.125
17,14,3,0.17647058823529413
21,15,6,0.2857142857142857
20,14,6,0.3
18,14,4,0.2222222222222222
23,21,2,0.08695652173913043
20,17,3,0.15
13,9,4,0.3076923076923077
16,11,5,0.3125
20,15,5,0.25
11,10,1,0.09090909090909091
23,18,5,0.21739130434782608
17,14,3,0.17647058823529413
12,11,1,0.08333333333333333
19,14,5,0.2631578947368421
22,16,6,0.2727272727272727
20,16,4,0.2
17,12,5,0.29411764705882354
18,14,4,0.2222222222222222
16,11,5,0.3125
19,11,8,0.42105263157894735
19,14,5,0.2631578947368421
20,15,5,0.25
23,19,4,0.17391304347826086
12,8,4,0.3333333333333333
20,16,4,0.2
22,20,2,0.09090909090909091
9,4,5,0.5555555555555556
17,16,1,0.058823529411764705
21,17,4,0.19047619047619047
16,14,2,0.125
16,12,4,0.25
15,13,2,0.13333333333333333
18,12,6,0.3333333333333333
20,17,3,0.15
14,8,6,0.42857142857142855
22,16,6,0.2727272727272727
23,17,6,0.2608695652173913
15,15,0,0.0
19,16,3,0.15789473684210525
20,18,2,0.1
23,19,4,0.17391304347826086
19,16,3,0.15789473684210525
10,10,0,0.0
16,12,4,0.25
12,10,2,0.16666666666666666
17,12,5,0.29411764705882354
21,13,8,0.38095238095238093
21,13,8,0.38095238095238093
11,9,2,0.18181818181818182
12,11,1,0.08333333333333333
6,4,2,0.3333333333333333
11,10,1,0.09090909090909091
15,9,6,0.4
21,16,5,0.23809523809523808
15,11,4,0.26666666666666666
20,13,7,0.35
16,13,3,0.1875
12,10,2,0.16666666666666666
20,19,1,0.05
20,13,7,0.35
12,9,3,0.25
17,14,3,0.17647058823529413
22,17,5,0.22727272727272727
18,14,4,0.2222222222222222
15,10,5,0.3333333333333333
9,9,0,0.0
19,15,4,0.21052631578947367
14,12,2,0.14285714285714285
21,16,5,0.23809523809523808
17,12,5,0.29411764705882354
19,16,3,0.15789473684210525
17,13,4,0.23529411764705882
16,12,4,0.25
23,16,7,0.30434782608695654
25,20,5,0.2
21,17,4,0.19047619047619047
15,10,5,0.3333333333333333
15,13,2,0.13333333333333333
20,15,5,0.25
14,8,6,0.42857142857142855
18,16,2,0.1111111111111111
16,11,5,0.3125
22,16,6,0.2727272727272727
16,13,3,0.1875
12,9,3,0.25
20,20,0,0.0
21,18,3,0.14285714285714285
21,17,4,0.19047619047619047
12,10,2,0.16666666666666666
12,7,5,0.4166666666666667
13,11,2,0.15384615384615385
11,10,1,0.09090909090909091
13,9,4,0.3076923076923077
14,12,2,0.14285714285714285
14,9,5,0.35714285714285715
16,13,3,0.1875
25,14,11,0.44
19,15,4,0.21052631578947367
20,14,6,0.3
16,12,4,0.25
10,9,1,0.1
19,16,3,0.15789473684210525
21,17,4,0.19047619047619047
16,15,1,0.0625
23,19,4,0.17391304347826086
19,16,3,0.15789473684210525
13,10,3,0.23076923076923078
15,12,3,0.2
14,10,4,0.2857142857142857
21,13,8,0.38095238095238093
18,10,8,0.4444444444444444
18,17,1,0.05555555555555555
13,10,3,0.23076923076923078
20,13,7,0.35
19,15,4,0.21052631578947367
19,12,7,0.3684210526315789
19,15,4,0.21052631578947367
14,13,1,0.07142857142857142
19,19,0,0.0
17,16,1,0.058823529411764705
21,17,4,0.19047619047619047
22,17,5,0.22727272727272727
19,13,6,0.3157894736842105
14,9,5,0.35714285714285715
19,15,4,0.21052631578947367
21,15,6,0.2857142857142857
17,16,1,0.058823529411764705
10,9,1,0.1
16,13,3,0.1875
22,17,5,0.22727272727272727
21,17,4,0.19047619047619047
18,11,7,0.3888888888888889
19,12,7,0.3684210526315789
20,16,4,0.2
11,9,2,0.18181818181818182
20,16,4,0.2
13,10,3,0.23076923076923078
19,14,5,0.2631578947368421
17,14,3,0.17647058823529413
19,15,4,0.21052631578947367
14,13,1,0.07142857142857142
24,19,5,0.20833333333333334
15,12,3,0.2
21,19,2,0.09523809523809523
11,8,3,0.2727272727272727
18,15,3,0.16666666666666666
20,15,5,0.25
15,12,3,0.2
16,14,2,0.125
22,18,4,0.18181818181818182
13,11,2,0.15384615384615385
17,9,8,0.47058823529411764
13,10,3,0.23076923076923078
16,9,7,0.4375
19,15,4,0.21052631578947367
18,13,5,0.2777777777777778
11,6,5,0.45454545454545453
15,14,1,0.06666666666666667
21,11,10,0.47619047619047616
17,9,8,0.47058823529411764
21,17,4,0.19047619047619047
17,10,7,0.4117647058823529
16,13,3,0.1875
10,9,1,0.1
17,12,5,0.29411764705882354
14,12,2,0.14285714285714285
13,9,4,0.3076923076923077
18,15,3,0.16666666666666666
21,14,7,0.3333333333333333
17,12,5,0.29411764705882354
16,11,5,0.3125
22,14,8,0.36363636363636365
16,15,1,0.0625
20,17,3,0.15
12,11,1,0.08333333333333333
18,16,2,0.1111111111111111
13,12,1,0.07692307692307693
17,13,4,0.23529411764705882
25,18,7,0.28
18,14,4,0.2222222222222222
13,10,3,0.23076923076923078
21,19,2,0.09523809523809523
16,11,5,0.3125
13,12,1,0.07692307692307693
18,16,2,0.1111111111111111
16,10,6,0.375
11,7,4,0.36363636363636365
15,11,4,0.26666666666666666
15,13,2,0.13333333333333333
22,17,5,0.22727272727272727
18,15,3,0.16666666666666666
17,13,4,0.23529411764705882
19,17,2,0.10526315789473684
13,12,1,0.07692307692307693
11,6,5,0.45454545454545453
15,11,4,0.26666666666666666
20,14,6,0.3
18,16,2,0.1111111111111111
20,15,5,0.25
21,16,5,0.23809523809523808
16,11,5,0.3125
16,14,2,0.125
8,5,3,0.375
20,14,6,0.3
16,14,2,0.125
12,11,1,0.08333333333333333
8,7,1,0.125
17,13,4,0.23529411764705882
21,13,8,0.38095238095238093
23,16,7,0.30434782608695654
22,22,0,0.0
18,18,0,0.0
8,5,3,0.375
17,15,2,0.11764705882352941
16,12,4,0.25
15,11,4,0.26666666666666666
17,12,5,0.29411764705882354
6,4,2,0.3333333333333333
19,16,3,0.15789473684210525
23,20,3,0.13043478260869565
17,15,2,0.11764705882352941
21,13,8,0.38095238095238093
18,15,3,0.16666666666666666
19,17,2,0.10526315789473684
17,12,5,0.29411764705882354
22,18,4,0.18181818181818182
15,9,6,0.4
20,13,7,0.35
12,11,1,0.08333333333333333
18,13,5,0.2777777777777778
21,13,8,0.38095238095238093
17,14,3,0.17647058823529413
13,10,3,0.23076923076923078
21,14,7,0.3333333333333333
18,12,6,0.3333333333333333
23,20,3,0.13043478260869565
21,13,8,0.38095238095238093
18,14,4,0.2222222222222222
14,10,4,0.2857142857142857
14,11,3,0.21428571428571427
20,14,6,0.3
18,17,1,0.05555555555555555
21,17,4,0.19047619047619047
22,17,5,0.22727272727272727
15,10,5,0.3333333333333333
20,16,4,0.2
14,12,2,0.14285714285714285
8,5,3,0.375
9,8,1,0.1111111111111111
9,8,1,0.1111111111111111
19,13,6,0.3157894736842105
14,11,3,0.21428571428571427
23,22,1,0.043478260869565216
20,14,6,0.3
20,17,3,0.15
11,10,1,0.09090909090909091
19,15,4,0.21052631578947367
15,10,5,0.3333333333333333
15,12,3,0.2
21,14,7,0.3333333333333333
8,6,2,0.25
14,13,1,0.07142857142857142
19,16,3,0.15789473684210525
14,11,3,0.21428571428571427
17,11,6,0.35294117647058826
18,13,5,0.2777777777777778
16,12,4,0.25
19,13,6,0.3157894736842105
24,15,9,0.375
20,18,2,0.1
12,9,3,0.25
18,14,4,0.2222222222222222
15,10,5,0.3333333333333333
13,10,3,0.23076923076923078
14,10,4,0.2857142857142857
19,15,4,0.21052631578947367
17,14,3,0.17647058823529413
22,19,3,0.13636363636363635
6,6,0,0.0
18,13,5,0.2777777777777778
19,16,3,0.15789473684210525
22,17,5,0.22727272727272727
9,8,1,0.1111111111111111
17,12,5,0.29411764705882354
22,16,6,0.2727272727272727
24,24,0,0.0
19,11,8,0.42105263157894735
20,18,2,0.1
14,13,1,0.07142857142857142
15,11,4,0.26666666666666666
13,11,2,0.15384615384615385
14,10,4,0.2857142857142857
19,14,5,0.2631578947368421
11,6,5,0.45454545454545453
18,11,7,0.3888888888888889
15,12,3,0.2
18,15,3,0.16666666666666666
9,7,2,0.2222222222222222
11,9,2,0.18181818181818182
25,16,9,0.36
13,5,8,0.6153846153846154
19,14,5,0.2631578947368421
12,8,4,0.3333333333333333
18,14,4,0.2222222222222222
17,14,3,0.17647058823529413
12,9,3,0.25
18,14,4,0.2222222222222222
16,10,6,0.375
19,15,4,0.21052631578947367
12,8,4,0.3333333333333333
16,13,3,0.1875
19,14,5,0.2631578947368421
13,10,3,0.23076923076923078
16,11,5,0.3125
16,11,5,0.3125
19,15,4,0.21052631578947367
20,16,4,0.2
19,12,7,0.3684210526315789
18,16,2,0.1111111111111111
15,11,4,0.26666666666666666
18,13,5,0.2777777777777778
19,13,6,0.3157894736842105
20,16,4,0.2
21,18,3,0.14285714285714285
21,16,5,0.23809523809523808
19,10,9,0.47368421052631576
19,14,5,0.2631578947368421
25,17,8,0.32
15,11,4,0.26666666666666666
19,16,3,0.15789473684210525
17,15,2,0.11764705882352941
18,12,6,0.3333333333333333
22,15,7,0.3181818181818182
22,16,6,0.2727272727272727
15,7,8,0.5333333333333333
16,11,5,0.3125
15,12,3,0.2
23,17,6,0.2608695652173913
20,15,5,0.25
19,16,3,0.15789473684210525
21,18,3,0.14285714285714285
17,13,4,0.23529411764705882
11,7,4,0.36363636363636365
11,8,3,0.2727272727272727
17,14,3,0.17647058823529413
15,13,2,0.13333333333333333
17,10,7,0.4117647058823529
16,13,3,0.1875
12,8,4,0.3333333333333333
17,14,3,0.17647058823529413
8,7,1,0.125
20,16,4,0.2
17,13,4,0.23529411764705882
9,7,2,0.2222222222222222
20,13,7,0.35
14,12,2,0.14285714285714285
14,9,5,0.35714285714285715
18,15,3,0.16666666666666666
14,9,5,0.35714285714285715
12,9,3,0.25
19,12,7,0.3684210526315789
21,18,3,0.14285714285714285
15,12,3,0.2
16,14,2,0.125
14,8,6,0.42857142857142855
19,16,3,0.15789473684210525
13,10,3,0.23076923076923078
16,12,4,0.25
23,17,6,0.2608695652173913
16,9,7,0.4375
21,17,4,0.19047619047619047
19,14,5,0.2631578947368421
11,8,3,0.2727272727272727
11,9,2,0.18181818181818182
16,15,1,0.0625
18,17,1,0.05555555555555555
18,14,4,0.2222222222222222
21,15,6,0.2857142857142857
14,12,2,0.14285714285714285
16,11,5,0.3125
21,16,5,0.23809523809523808
19,13,6,0.3157894736842105
16,12,4,0.25
19,13,6,0.3157894736842105
17,14,3,0.17647058823529413
19,13,6,0.3157894736842105
14,13,1,0.07142857142857142
19,17,2,0.10526315789473684
20,17,3,0.15
15,11,4,0.26666666666666666
20,15,5,0.25
18,15,3,0.16666666666666666
17,12,5,0.29411764705882354
13,10,3,0.23076923076923078
18,13,5,0.2777777777777778
15,11,4,0.26666666666666666
16,14,2,0.125
16,10,6,0.375
11,7,4,0.36363636363636365
17,16,1,0.058823529411764705
17,13,4,0.23529411764705882
19,16,3,0.15789473684210525
19,12,7,0.3684210526315789
14,9,5,0.35714285714285715
23,19,4,0.17391304347826086
18,14,4,0.2222222222222222
19,13,6,0.3157894736842105
15,11,4,0.26666666666666666
18,17,1,0.05555555555555555
14,8,6,0.42857142857142855
15,11,4,0.26666666666666666
19,16,3,0.15789473684210525
20,16,4,0.2
18,14,4,0.2222222222222222
10,8,2,0.2
16,13,3,0.1875
14,10,4,0.2857142857142857
13,11,2,0.15384615384615385
16,13,3,0.1875
21,15,6,0.2857142857142857
13,11,2,0.15384615384615385
20,13,7,0.35
11,11,0,0.0
20,16,4,0.2
17,13,4,0.23529411764705882
17,14,3,0.17647058823529413
18,15,3,0.16666666666666666
15,12,3,0.2
14,11,3,0.21428571428571427
15,11,4,0.26666666666666666
23,19,4,0.17391304347826086
11,10,1,0.09090909090909091
19,16,3,0.15789473684210525
17,14,3,0.17647058823529413
19,17,2,0.10526315789473684
11,9,2,0.18181818181818182
16,9,7,0.4375
18,13,5,0.2777777777777778
15,11,4,0.26666666666666666
20,15,5,0.25
13,9,4,0.3076923076923077
17,15,2,0.11764705882352941
8,8,0,0.0
19,13,6,0.3157894736842105
21,17,4,0.19047619047619047
22,17,5,0.22727272727272727
18,13,5,0.2777777777777778
16,13,3,0.1875
18,17,1,0.05555555555555555
15,10,5,0.3333333333333333
15,10,5,0.3333333333333333
21,16,5,0.23809523809523808
15,10,5,0.3333333333333333
15,12,3,0.2
16,11,5,0.3125
19,17,2,0.10526315789473684
13,8,5,0.38461538461538464
15,11,4,0.26666666666666666
17,12,5,0.29411764705882354
24,22,2,0.08333333333333333
20,18,2,0.1
5,6,1,0.2
19,15,4,0.21052631578947367
16,12,4,0.25
17,14,3,0.17647058823529413
15,10,5,0.3333333333333333
8,4,4,0.5
22,17,5,0.22727272727272727
16,12,4,0.25
11,8,3,0.2727272727272727
21,15,6,0.2857142857142857
21,17,4,0.19047619047619047
20,16,4,0.2
6,7,1,0.16666666666666666
22,18,4,0.18181818181818182
14,10,4,0.2857142857142857
19,16,3,0.15789473684210525
16,12,4,0.25
16,11,5,0.3125
14,10,4,0.2857142857142857
13,10,3,0.23076923076923078
11,7,4,0.36363636363636365
19,16,3,0.15789473684210525
18,12,6,0.3333333333333333
18,14,4,0.2222222222222222
18,12,6,0.3333333333333333
22,13,9,0.4090909090909091
16,12,4,0.25
13,12,1,0.07692307692307693
18,16,2,0.1111111111111111
13,10,3,0.23076923076923078
18,14,4,0.2222222222222222
16,11,5,0.3125
23,19,4,0.17391304347826086
19,16,3,0.15789473684210525
21,18,3,0.14285714285714285
14,9,5,0.35714285714285715
15,13,2,0.13333333333333333
21,17,4,0.19047619047619047
24,23,1,0.041666666666666664
25,20,5,0.2
14,13,1,0.07142857142857142
20,14,6,0.3
16,11,5,0.3125
11,9,2,0.18181818181818182
16,12,4,0.25
18,13,5,0.2777777777777778
12,9,3,0.25
13,12,1,0.07692307692307693
13,9,4,0.3076923076923077
16,10,6,0.375
21,14,7,0.3333333333333333
19,17,2,0.10526315789473684
11,8,3,0.2727272727272727
13,10,3,0.23076923076923078
18,12,6,0.3333333333333333
20,17,3,0.15
20,14,6,0.3
21,16,5,0.23809523809523808
18,11,7,0.3888888888888889
16,14,2,0.125
20,16,4,0.2
14,10,4,0.2857142857142857
23,20,3,0.13043478260869565
11,9,2,0.18181818181818182
13,11,2,0.15384615384615385
18,12,6,0.3333333333333333
17,13,4,0.23529411764705882
15,10,5,0.3333333333333333
15,10,5,0.3333333333333333
15,13,2,0.13333333333333333
15,13,2,0.13333333333333333
21,15,6,0.2857142857142857
15,12,3,0.2
13,7,6,0.46153846153846156
22,13,9,0.4090909090909091
16,13,3,0.1875
11,9,2,0.18181818181818182
19,16,3,0.15789473684210525
20,15,5,0.25
14,11,3,0.21428571428571427
20,16,4,0.2
9,8,1,0.1111111111111111
19,14,5,0.2631578947368421
18,13,5,0.2777777777777778
23,16,7,0.30434782608695654
17,10,7,0.4117647058823529
11,6,5,0.45454545454545453
16,16,0,0.0
12,7,5,0.4166666666666667
21,16,5,0.23809523809523808
21,15,6,0.2857142857142857
19,15,4,0.21052631578947367
21,16,5,0.23809523809523808
10,8,2,0.2
14,11,3,0.21428571428571427
12,10,2,0.16666666666666666
24,19,5,0.20833333333333334
17,10,7,0.4117647058823529
10,8,2,0.2
19,15,4,0.21052631578947367
13,12,1,0.07692307692307693
13,8,5,0.38461538461538464
20,11,9,0.45
13,10,3,0.23076923076923078
21,17,4,0.19047619047619047
18,13,5,0.2777777777777778
18,10,8,0.4444444444444444
16,12,4,0.25
14,13,1,0.07142857142857142
17,13,4,0.23529411764705882
20,14,6,0.3
18,13,5,0.2777777777777778
25,20,5,0.2
19,14,5,0.2631578947368421
16,10,6,0.375
21,16,5,0.23809523809523808
14,9,5,0.35714285714285715
18,13,5,0.2777777777777778
17,13,4,0.23529411764705882
22,17,5,0.22727272727272727
13,11,2,0.15384615384615385
21,17,4,0.19047619047619047
15,12,3,0.2
14,10,4,0.2857142857142857
11,8,3,0.2727272727272727
17,14,3,0.17647058823529413
21,15,6,0.2857142857142857
15,12,3,0.2
17,15,2,0.11764705882352941
17,12,5,0.29411764705882354
18,16,2,0.1111111111111111
19,16,3,0.15789473684210525
22,16,6,0.2727272727272727
18,17,1,0.05555555555555555
17,17,0,0.0
17,12,5,0.29411764705882354
19,12,7,0.3684210526315789
18,13,5,0.2777777777777778
19,16,3,0.15789473684210525
13,11,2,0.15384615384615385
4,5,1,0.25
15,12,3,0.2
13,10,3,0.23076923076923078
11,7,4,0.36363636363636365
18,15,3,0.16666666666666666
20,14,6,0.3
15,11,4,0.26666666666666666
21,14,7,0.3333333333333333
18,13,5,0.2777777777777778
20,16,4,0.2
19,13,6,0.3157894736842105
11,10,1,0.09090909090909091
19,15,4,0.21052631578947367
22,11,11,0.5
16,13,3,0.1875
16,15,1,0.0625
22,15,7,0.3181818181818182
15,12,3,0.2
20,15,5,0.25
17,13,4,0.23529411764705882
18,15,3,0.16666666666666666
16,12,4,0.25
6,6,0,0.0
21,16,5,0.23809523809523808
14,11,3,0.21428571428571427
13,9,4,0.3076923076923077
18,13,5,0.2777777777777778
21,18,3,0.14285714285714285
16,8,8,0.5
12,8,4,0.3333333333333333
20,13,7,0.35
18,13,5,0.2777777777777778
14,11,3,0.21428571428571427
17,16,1,0.058823529411764705
20,15,5,0.25
17,13,4,0.23529411764705882
22,17,5,0.22727272727272727
23,15,8,0.34782608695652173
10,8,2,0.2
9,8,1,0.1111111111111111
19,15,4,0.21052631578947367
12,7,5,0.4166666666666667
20,15,5,0.25
19,16,3,0.15789473684210525
15,11,4,0.26666666666666666
7,4,3,0.42857142857142855
17,13,4,0.23529411764705882
16,15,1,0.0625
16,11,5,0.3125
20,11,9,0.45
19,15,4,0.21052631578947367
20,15,5,0.25
16,12,4,0.25
16,10,6,0.375
22,14,8,0.36363636363636365
9,6,3,0.3333333333333333
11,7,4,0.36363636363636365
21,17,4,0.19047619047619047
21,15,6,0.2857142857142857
14,15,1,0.07142857142857142
19,15,4,0.21052631578947367
14,10,4,0.2857142857142857
20,17,3,0.15
12,9,3,0.25
13,10,3,0.23076923076923078
12,9,3,0.25
15,12,3,0.2
16,14,2,0.125
15,14,1,0.06666666666666667
19,13,6,0.3157894736842105
10,7,3,0.3
11,9,2,0.18181818181818182
23,17,6,0.2608695652173913
12,11,1,0.08333333333333333
23,20,3,0.13043478260869565
18,13,5,0.2777777777777778
23,21,2,0.08695652173913043
23,16,7,0.30434782608695654
14,11,3,0.21428571428571427
21,17,4,0.19047619047619047
15,12,3,0.2
18,16,2,0.1111111111111111
23,17,6,0.2608695652173913
19,14,5,0.2631578947368421
19,17,2,0.10526315789473684
20,13,7,0.35
15,10,5,0.3333333333333333
15,11,4,0.26666666666666666
13,10,3,0.23076923076923078
19,12,7,0.3684210526315789
17,14,3,0.17647058823529413
19,15,4,0.21052631578947367
16,13,3,0.1875
16,11,5,0.3125
13,12,1,0.07692307692307693
16,15,1,0.0625
23,13,10,0.43478260869565216
22,19,3,0.13636363636363635
15,8,7,0.4666666666666667
14,10,4,0.2857142857142857
22,18,4,0.18181818181818182
25,19,6,0.24
16,11,5,0.3125
18,16,2,0.1111111111111111
18,13,5,0.2777777777777778
21,20,1,0.047619047619047616
11,7,4,0.36363636363636365
12,8,4,0.3333333333333333
21,19,2,0.09523809523809523
15,15,0,0.0
20,18,2,0.1
20,16,4,0.2
22,17,5,0.22727272727272727
13,12,1,0.07692307692307693
22,16,6,0.2727272727272727
16,11,5,0.3125
18,15,3,0.16666666666666666
23,20,3,0.13043478260869565
15,13,2,0.13333333333333333
8,6,2,0.25
14,11,3,0.21428571428571427
21,18,3,0.14285714285714285
22,17,5,0.22727272727272727
9,6,3,0.3333333333333333
22,14,8,0.36363636363636365
22,17,5,0.22727272727272727
13,10,3,0.23076923076923078
20,16,4,0.2
17,13,4,0.23529411764705882
17,15,2,0.11764705882352941
11,9,2,0.18181818181818182
10,8,2,0.2
10,8,2,0.2
19,17,2,0.10526315789473684
16,13,3,0.1875
19,12,7,0.3684210526315789
15,10,5,0.3333333333333333
24,19,5,0.20833333333333334
12,11,1,0.08333333333333333
14,13,1,0.07142857142857142
23,21,2,0.08695652173913043
22,18,4,0.18181818181818182
19,17,2,0.10526315789473684
19,14,5,0.2631578947368421
20,15,5,0.25
18,16,2,0.1111111111111111
23,16,7,0.30434782608695654
18,13,5,0.2777777777777778
20,18,2,0.1
21,16,5,0.23809523809523808
19,9,10,0.5263157894736842
6,3,3,0.5
20,19,1,0.05
20,15,5,0.25
25,20,5,0.2
12,10,2,0.16666666666666666
16,9,7,0.4375
17,11,6,0.35294117647058826
10,8,2,0.2
18,15,3,0.16666666666666666
14,9,5,0.35714285714285715
23,16,7,0.30434782608695654
14,11,3,0.21428571428571427
19,16,3,0.15789473684210525
17,12,5,0.29411764705882354
20,13,7,0.35
21,15,6,0.2857142857142857
18,14,4,0.2222222222222222
19,16,3,0.15789473684210525
22,15,7,0.3181818181818182
19,19,0,0.0
17,12,5,0.29411764705882354
12,8,4,0.3333333333333333
16,11,5,0.3125
14,10,4,0.2857142857142857
16,14,2,0.125
21,18,3,0.14285714285714285
17,12,5,0.29411764705882354
18,13,5,0.2777777777777778
20,19,1,0.05
20,16,4,0.2
15,13,2,0.13333333333333333
14,12,2,0.14285714285714285
18,13,5,0.2777777777777778
20,13,7,0.35
19,14,5,0.2631578947368421
24,19,5,0.20833333333333334
15,12,3,0.2
21,16,5,0.23809523809523808
12,8,4,0.3333333333333333
18,11,7,0.3888888888888889
8,7,1,0.125
16,12,4,0.25
14,12,2,0.14285714285714285
18,12,6,0.3333333333333333
10,9,1,0.1
21,20,1,0.047619047619047616
9,5,4,0.4444444444444444
13,11,2,0.15384615384615385
14,10,4,0.2857142857142857
18,12,6,0.3333333333333333
16,14,2,0.125
20,15,5,0.25
17,14,3,0.17647058823529413
19,17,2,0.10526315789473684
19,10,9,0.47368421052631576
18,13,5,0.2777777777777778
11,10,1,0.09090909090909091
18,14,4,0.2222222222222222
14,11,3,0.21428571428571427
22,16,6,0.2727272727272727
17,14,3,0.17647058823529413
10,7,3,0.3
13,10,3,0.23076923076923078
25,21,4,0.16
16,9,7,0.4375
18,15,3,0.16666666666666666
19,15,4,0.21052631578947367
17,16,1,0.058823529411764705
23,19,4,0.17391304347826086
12,11,1,0.08333333333333333
21,16,5,0.23809523809523808
19,14,5,0.2631578947368421
19,13,6,0.3157894736842105
14,8,6,0.42857142857142855
23,17,6,0.2608695652173913
21,19,2,0.09523809523809523
11,10,1,0.09090909090909091
17,13,4,0.23529411764705882
22,16,6,0.2727272727272727
13,10,3,0.23076923076923078
12,11,1,0.08333333333333333
19,15,4,0.21052631578947367
20,16,4,0.2
13,9,4,0.3076923076923077
25,19,6,0.24
19,15,4,0.21052631578947367
19,13,6,0.3157894736842105
15,11,4,0.26666666666666666
14,10,4,0.2857142857142857
19,14,5,0.2631578947368421
10,7,3,0.3
19,14,5,0.2631578947368421
19,14,5,0.2631578947368421
15,11,4,0.26666666666666666
14,9,5,0.35714285714285715
11,7,4,0.36363636363636365
11,9,2,0.18181818181818182
22,17,5,0.22727272727272727
17,16,1,0.058823529411764705
11,12,1,0.09090909090909091
21,16,5,0.23809523809523808
15,13,2,0.13333333333333333
19,14,5,0.2631578947368421
18,11,7,0.3888888888888889
22,16,6,0.2727272727272727
22,16,6,0.2727272727272727
11,7,4,0.36363636363636365
16,11,5,0.3125
19,14,5,0.2631578947368421
13,8,5,0.38461538461538464
15,13,2,0.13333333333333333
12,10,2,0.16666666666666666
18,14,4,0.2222222222222222
9,9,0,0.0
17,12,5,0.29411764705882354
12,11,1,0.08333333333333333
16,14,2,0.125
18,13,5,0.2777777777777778
21,17,4,0.19047619047619047
17,12,5,0.29411764705882354
17,14,3,0.17647058823529413
12,10,2,0.16666666666666666
18,12,6,0.3333333333333333
23,17,6,0.2608695652173913
19,13,6,0.3157894736842105
9,8,1,0.1111111111111111
17,12,5,0.29411764705882354
11,8,3,0.2727272727272727
18,14,4,0.2222222222222222
16,12,4,0.25
20,17,3,0.15
12,13,1,0.08333333333333333
21,13,8,0.38095238095238093
17,14,3,0.17647058823529413
12,11,1,0.08333333333333333
20,15,5,0.25
18,9,9,0.5
17,9,8,0.47058823529411764
15,13,2,0.13333333333333333
19,15,4,0.21052631578947367
16,12,4,0.25
13,9,4,0.3076923076923077
20,15,5,0.25
9,7,2,0.2222222222222222
19,15,4,0.21052631578947367
12,11,1,0.08333333333333333
17,15,2,0.11764705882352941
15,10,5,0.3333333333333333
22,18,4,0.18181818181818182
18,12,6,0.3333333333333333
22,18,4,0.18181818181818182
10,6,4,0.4
12,11,1,0.08333333333333333
13,11,2,0.15384615384615385
20,15,5,0.25
15,11,4,0.26666666666666666
15,9,6,0.4
5,4,1,0.2
16,12,4,0.25
10,8,2,0.2
17,15,2,0.11764705882352941
15,13,2,0.13333333333333333
20,17,3,0.15
19,9,10,0.5263157894736842
15,13,2,0.13333333333333333
18,12,6,0.3333333333333333
20,16,4,0.2
19,16,3,0.15789473684210525
14,9,5,0.35714285714285715
19,14,5,0.2631578947368421
24,19,5,0.20833333333333334
17,12,5,0.29411764705882354
11,8,3,0.2727272727272727
14,9,5,0.35714285714285715
19,14,5,0.2631578947368421
17,10,7,0.4117647058823529
15,9,6,0.4
19,13,6,0.3157894736842105
22,19,3,0.13636363636363635
17,16,1,0.058823529411764705
23,15,8,0.34782608695652173
18,13,5,0.2777777777777778
15,13,2,0.13333333333333333
14,14,0,0.0
17,12,5,0.29411764705882354
20,11,9,0.45
17,11,6,0.35294117647058826
13,12,1,0.07692307692307693
22,18,4,0.18181818181818182
13,9,4,0.3076923076923077
20,15,5,0.25
17,13,4,0.23529411764705882
14,9,5,0.35714285714285715
22,18,4,0.18181818181818182
19,16,3,0.15789473684210525
15,12,3,0.2
23,16,7,0.30434782608695654
22,16,6,0.2727272727272727
23,18,5,0.21739130434782608
20,14,6,0.3
21,17,4,0.19047619047619047
21,16,5,0.23809523809523808
17,16,1,0.058823529411764705
9,9,0,0.0
18,15,3,0.16666666666666666
16,12,4,0.25
16,9,7,0.4375
21,15,6,0.2857142857142857
17,12,5,0.29411764705882354
11,9,2,0.18181818181818182
19,16,3,0.15789473684210525
17,15,2,0.11764705882352941
19,14,5,0.2631578947368421
22,17,5,0.22727272727272727
18,16,2,0.1111111111111111
22,15,7,0.3181818181818182
12,9,3,0.25
16,11,5,0.3125
17,10,7,0.4117647058823529
17,14,3,0.17647058823529413
21,13,8,0.38095238095238093
18,13,5,0.2777777777777778
25,18,7,0.28
18,15,3,0.16666666666666666
20,11,9,0.45
22,18,4,0.18181818181818182
14,7,7,0.5
20,18,2,0.1
16,11,5,0.3125
12,11,1,0.08333333333333333
15,14,1,0.06666666666666667
18,9,9,0.5
17,14,3,0.17647058823529413
15,12,3,0.2
14,11,3,0.21428571428571427
16,13,3,0.1875
23,17,6,0.2608695652173913
11,9,2,0.18181818181818182
11,9,2,0.18181818181818182
17,14,3,0.17647058823529413
15,14,1,0.06666666666666667
19,15,4,0.21052631578947367
18,10,8,0.4444444444444444
18,9,9,0.5
17,13,4,0.23529411764705882
21,14,7,0.3333333333333333
9,9,0,0.0
8,8,0,0.0
15,11,4,0.26666666666666666
16,12,4,0.25
17,14,3,0.17647058823529413
19,14,5,0.2631578947368421
21,16,5,0.23809523809523808
14,7,7,0.5
21,17,4,0.19047619047619047
18,13,5,0.2777777777777778
17,13,4,0.23529411764705882
15,10,5,0.3333333333333333
14,11,3,0.21428571428571427
21,18,3,0.14285714285714285
18,15,3,0.16666666666666666
20,10,10,0.5
13,13,0,0.0
17,18,1,0.058823529411764705
16,13,3,0.1875
18,16,2,0.1111111111111111
23,20,3,0.13043478260869565
22,16,6,0.2727272727272727
13,8,5,0.38461538461538464
18,14,4,0.2222222222222222
14,10,4,0.2857142857142857
16,10,6,0.375
18,15,3,0.16666666666666666
14,12,2,0.14285714285714285
17,11,6,0.35294117647058826
18,16,2,0.1111111111111111
17,12,5,0.29411764705882354
21,17,4,0.19047619047619047
22,16,6,0.2727272727272727
18,17,1,0.05555555555555555
20,14,6,0.3
18,13,5,0.2777777777777778
12,10,2,0.16666666666666666
16,11,5,0.3125
19,16,3,0.15789473684210525
20,16,4,0.2
17,12,5,0.29411764705882354
24,20,4,0.16666666666666666
14,12,2,0.14285714285714285
15,10,5,0.3333333333333333
11,11,0,0.0
16,12,4,0.25
15,11,4,0.26666666666666666
19,15,4,0.21052631578947367
20,15,5,0.25
15,11,4,0.26666666666666666
21,15,6,0.2857142857142857
17,15,2,0.11764705882352941
23,17,6,0.2608695652173913
10,6,4,0.4
18,13,5,0.2777777777777778
23,17,6,0.2608695652173913
12,9,3,0.25
15,14,1,0.06666666666666667
22,18,4,0.18181818181818182
19,14,5,0.2631578947368421
18,16,2,0.1111111111111111
18,13,5,0.2777777777777778
21,14,7,0.3333333333333333
21,16,5,0.23809523809523808
14,12,2,0.14285714285714285
11,6,5,0.45454545454545453
21,17,4,0.19047619047619047
16,14,2,0.125
14,13,1,0.07142857142857142
16,10,6,0.375
14,10,4,0.2857142857142857
20,17,3,0.15
17,13,4,0.23529411764705882
17,14,3,0.17647058823529413
14,12,2,0.14285714285714285
18,14,4,0.2222222222222222
14,9,5,0.35714285714285715
14,11,3,0.21428571428571427
17,13,4,0.23529411764705882
17,15,2,0.11764705882352941
13,7,6,0.46153846153846156
18,11,7,0.3888888888888889
22,20,2,0.09090909090909091
12,9,3,0.25
16,11,5,0.3125
21,14,7,0.3333333333333333
19,14,5,0.2631578947368421
14,10,4,0.2857142857142857
18,14,4,0.2222222222222222
16,14,2,0.125
14,11,3,0.21428571428571427
13,11,2,0.15384615384615385
13,10,3,0.23076923076923078
13,14,1,0.07692307692307693
8,8,0,0.0
12,8,4,0.3333333333333333
18,12,6,0.3333333333333333
20,13,7,0.35
21,12,9,0.42857142857142855
25,17,8,0.32
16,12,4,0.25
17,13,4,0.23529411764705882
19,14,5,0.2631578947368421
16,12,4,0.25
20,16,4,0.2
13,10,3,0.23076923076923078
15,11,4,0.26666666666666666
17,11,6,0.35294117647058826
13,9,4,0.3076923076923077
23,18,5,0.21739130434782608
16,16,0,0.0
18,14,4,0.2222222222222222
23,19,4,0.17391304347826086
15,8,7,0.4666666666666667
16,13,3,0.1875
25,20,5,0.2
18,14,4,0.2222222222222222
20,17,3,0.15
17,14,3,0.17647058823529413
16,9,7,0.4375
23,20,3,0.13043478260869565
16,11,5,0.3125
21,17,4,0.19047619047619047
16,11,5,0.3125
15,12,3,0.2
17,13,4,0.23529411764705882
18,16,2,0.1111111111111111
13,11,2,0.15384615384615385
20,13,7,0.35
15,11,4,0.26666666666666666
14,10,4,0.2857142857142857
16,13,3,0.1875
22,18,4,0.18181818181818182
11,8,3,0.2727272727272727
20,16,4,0.2
16,12,4,0.25
15,13,2,0.13333333333333333
15,11,4,0.26666666666666666
12,11,1,0.08333333333333333
25,22,3,0.12
18,14,4,0.2222222222222222
17,12,5,0.29411764705882354
12,8,4,0.3333333333333333
13,10,3,0.23076923076923078
17,13,4,0.23529411764705882
11,8,3,0.2727272727272727
14,9,5,0.35714285714285715
13,9,4,0.3076923076923077
24,15,9,0.375
18,10,8,0.4444444444444444
12,9,3,0.25
20,14,6,0.3
25,17,8,0.32
12,8,4,0.3333333333333333
17,12,5,0.29411764705882354
12,10,2,0.16666666666666666
10,10,0,0.0
9,10,1,0.1111111111111111
11,12,1,0.09090909090909091
10,8,2,0.2
14,10,4,0.2857142857142857
20,16,4,0.2
17,12,5,0.29411764705882354
17,11,6,0.35294117647058826
18,15,3,0.16666666666666666
21,17,4,0.19047619047619047
19,17,2,0.10526315789473684
18,13,5,0.2777777777777778
15,9,6,0.4
22,16,6,0.2727272727272727
21,16,5,0.23809523809523808
17,13,4,0.23529411764705882
15,10,5,0.3333333333333333
13,11,2,0.15384615384615385
16,10,6,0.375
21,15,6,0.2857142857142857
20,12,8,0.4
20,14,6,0.3
19,14,5,0.2631578947368421
24,20,4,0.16666666666666666
18,11,7,0.3888888888888889
17,12,5,0.29411764705882354
21,14,7,0.3333333333333333
13,11,2,0.15384615384615385
17,15,2,0.11764705882352941
19,16,3,0.15789473684210525
22,17,5,0.22727272727272727
24,17,7,0.2916666666666667
22,18,4,0.18181818181818182
21,19,2,0.09523809523809523
18,17,1,0.05555555555555555
21,15,6,0.2857142857142857
19,17,2,0.10526315789473684
16,9,7,0.4375
19,14,5,0.2631578947368421
12,7,5,0.4166666666666667
20,14,6,0.3
19,15,4,0.21052631578947367
13,12,1,0.07692307692307693
22,18,4,0.18181818181818182
16,14,2,0.125
18,11,7,0.3888888888888889
14,9,5,0.35714285714285715
15,12,3,0.2
17,15,2,0.11764705882352941
19,16,3,0.15789473684210525
9,7,2,0.2222222222222222
12,9,3,0.25
14,11,3,0.21428571428571427
15,14,1,0.06666666666666667
17,7,10,0.5882352941176471
25,20,5,0.2
18,16,2,0.1111111111111111
13,9,4,0.3076923076923077
14,9,5,0.35714285714285715
21,15,6,0.2857142857142857
16,12,4,0.25
25,18,7,0.28
16,11,5,0.3125
14,10,4,0.2857142857142857
19,11,8,0.42105263157894735
16,13,3,0.1875
16,12,4,0.25
19,16,3,0.15789473684210525
18,12,6,0.3333333333333333
20,18,2,0.1
11,9,2,0.18181818181818182
16,12,4,0.25
20,13,7,0.35
14,9,5,0.35714285714285715
18,13,5,0.2777777777777778
18,14,4,0.2222222222222222
13,9,4,0.3076923076923077
23,17,6,0.2608695652173913
18,14,4,0.2222222222222222
24,17,7,0.2916666666666667
20,16,4,0.2
20,17,3,0.15
18,15,3,0.16666666666666666
18,17,1,0.05555555555555555
14,9,5,0.35714285714285715
17,10,7,0.4117647058823529
14,11,3,0.21428571428571427
15,12,3,0.2
21,16,5,0.23809523809523808
18,18,0,0.0
21,15,6,0.2857142857142857
20,19,1,0.05
15,14,1,0.06666666666666667
20,14,6,0.3
19,13,6,0.3157894736842105
16,7,9,0.5625
18,15,3,0.16666666666666666
17,13,4,0.23529411764705882
25,19,6,0.24
15,12,3,0.2
19,13,6,0.3157894736842105
11,9,2,0.18181818181818182
17,12,5,0.29411764705882354
19,15,4,0.21052631578947367
17,13,4,0.23529411764705882
21,16,5,0.23809523809523808
15,13,2,0.13333333333333333
17,13,4,0.23529411764705882
12,7,5,0.4166666666666667
20,18,2,0.1
20,12,8,0.4
19,13,6,0.3157894736842105
15,11,4,0.26666666666666666
21,18,3,0.14285714285714285
19,14,5,0.2631578947368421
22,17,5,0.22727272727272727
22,18,4,0.18181818181818182
20,14,6,0.3
22,18,4,0.18181818181818182
16,12,4,0.25
19,14,5,0.2631578947368421
21,17,4,0.19047619047619047
14,12,2,0.14285714285714285
11,8,3,0.2727272727272727
22,15,7,0.3181818181818182
15,12,3,0.2
20,15,5,0.25
20,15,5,0.25
18,13,5,0.2777777777777778
15,12,3,0.2
17,12,5,0.29411764705882354
19,13,6,0.3157894736842105
18,14,4,0.2222222222222222
19,16,3,0.15789473684210525
20,13,7,0.35
17,14,3,0.17647058823529413
20,15,5,0.25
19,14,5,0.2631578947368421
15,14,1,0.06666666666666667
17,16,1,0.058823529411764705
18,14,4,0.2222222222222222
13,12,1,0.07692307692307693
16,15,1,0.0625
14,10,4,0.2857142857142857
22,19,3,0.13636363636363635
13,11,2,0.15384615384615385
21,14,7,0.3333333333333333
13,12,1,0.07692307692307693
21,16,5,0.23809523809523808
20,12,8,0.4
11,10,1,0.09090909090909091
22,18,4,0.18181818181818182
14,9,5,0.35714285714285715
18,14,4,0.2222222222222222
19,12,7,0.3684210526315789
17,13,4,0.23529411764705882
22,19,3,0.13636363636363635
23,17,6,0.2608695652173913
20,13,7,0.35
23,19,4,0.17391304347826086
18,12,6,0.3333333333333333
25,16,9,0.36
19,15,4,0.21052631578947367
10,5,5,0.5
13,10,3,0.23076923076923078
17,12,5,0.29411764705882354
14,10,4,0.2857142857142857
10,6,4,0.4
17,12,5,0.29411764705882354
14,12,2,0.14285714285714285
22,16,6,0.2727272727272727
20,13,7,0.35
14,10,4,0.2857142857142857
17,12,5,0.29411764705882354
14,10,4,0.2857142857142857
11,10,1,0.09090909090909091
25,23,2,0.08
18,15,3,0.16666666666666666
19,17,2,0.10526315789473684
17,11,6,0.35294117647058826
13,12,1,0.07692307692307693
18,14,4,0.2222222222222222
13,11,2,0.15384615384615385
17,13,4,0.23529411764705882
11,8,3,0.2727272727272727
11,9,2,0.18181818181818182
16,10,6,0.375
15,8,7,0.4666666666666667
17,11,6,0.35294117647058826
25,14,11,0.44
12,11,1,0.08333333333333333
19,17,2,0.10526315789473684
8,3,5,0.625
20,13,7,0.35
13,12,1,0.07692307692307693
12,9,3,0.25
16,12,4,0.25
20,15,5,0.25
13,11,2,0.15384615384615385
15,8,7,0.4666666666666667
18,12,6,0.3333333333333333
16,14,2,0.125
22,15,7,0.3181818181818182
19,16,3,0.15789473684210525
12,7,5,0.4166666666666667
16,13,3,0.1875
16,14,2,0.125
11,8,3,0.2727272727272727
20,15,5,0.25
23,16,7,0.30434782608695654
18,12,6,0.3333333333333333
16,14,2,0.125
19,11,8,0.42105263157894735
15,12,3,0.2
23,15,8,0.34782608695652173
18,12,6,0.3333333333333333
13,10,3,0.23076923076923078
16,10,6,0.375
18,13,5,0.2777777777777778
14,10,4,0.2857142857142857
22,21,1,0.045454545454545456
12,10,2,0.16666666666666666
20,16,4,0.2
18,13,5,0.2777777777777778
18,15,3,0.16666666666666666
19,14,5,0.2631578947368421
12,9,3,0.25
15,10,5,0.3333333333333333
17,17,0,0.0
19,13,6,0.3157894736842105
16,9,7,0.4375
15,11,4,0.26666666666666666
18,15,3,0.16666666666666666
22,19,3,0.13636363636363635
23,15,8,0.34782608695652173
20,17,3,0.15
15,12,3,0.2
18,13,5,0.2777777777777778
16,12,4,0.25
18,12,6,0.3333333333333333
20,14,6,0.3
15,14,1,0.06666666666666667
14,10,4,0.2857142857142857
21,18,3,0.14285714285714285
19,16,3,0.15789473684210525
23,18,5,0.21739130434782608
19,15,4,0.21052631578947367
16,11,5,0.3125
18,15,3,0.16666666666666666
11,8,3,0.2727272727272727
16,10,6,0.375
12,11,1,0.08333333333333333
22,18,4,0.18181818181818182
25,18,7,0.28
17,18,1,0.058823529411764705
19,16,3,0.15789473684210525
20,13,7,0.35
21,16,5,0.23809523809523808
15,11,4,0.26666666666666666
21,16,5,0.23809523809523808
16,11,5,0.3125
22,16,6,0.2727272727272727
14,12,2,0.14285714285714285
19,15,4,0.21052631578947367
18,15,3,0.16666666666666666
16,12,4,0.25
18,12,6,0.3333333333333333
16,12,4,0.25
14,13,1,0.07142857142857142
17,12,5,0.29411764705882354
16,12,4,0.25
15,11,4,0.26666666666666666
19,13,6,0.3157894736842105
17,12,5,0.29411764705882354
17,13,4,0.23529411764705882
22,17,5,0.22727272727272727
17,13,4,0.23529411764705882
11,8,3,0.2727272727272727
17,11,6,0.35294117647058826
25,16,9,0.36
12,8,4,0.3333333333333333
18,13,5,0.2777777777777778
13,10,3,0.23076923076923078
21,16,5,0.23809523809523808
14,11,3,0.21428571428571427
21,16,5,0.23809523809523808
15,11,4,0.26666666666666666
18,15,3,0.16666666666666666
14,11,3,0.21428571428571427
18,12,6,0.3333333333333333
18,14,4,0.2222222222222222
20,17,3,0.15
17,12,5,0.29411764705882354
17,12,5,0.29411764705882354
13,9,4,0.3076923076923077
12,10,2,0.16666666666666666
14,10,4,0.2857142857142857
18,13,5,0.2777777777777778
19,15,4,0.21052631578947367
16,12,4,0.25
23,16,7,0.30434782608695654
25,19,6,0.24
21,18,3,0.14285714285714285
21,16,5,0.23809523809523808
19,14,5,0.2631578947368421
18,16,2,0.1111111111111111
22,13,9,0.4090909090909091
12,8,4,0.3333333333333333
15,10,5,0.3333333333333333
12,8,4,0.3333333333333333
14,9,5,0.35714285714285715
18,14,4,0.2222222222222222
15,10,5,0.3333333333333333
17,14,3,0.17647058823529413
13,7,6,0.46153846153846156
15,12,3,0.2
19,13,6,0.3157894736842105
20,17,3,0.15
17,10,7,0.4117647058823529
16,11,5,0.3125
15,8,7,0.4666666666666667
14,9,5,0.35714285714285715
23,13,10,0.43478260869565216
8,8,0,0.0
24,17,7,0.2916666666666667
18,14,4,0.2222222222222222
21,18,3,0.14285714285714285
15,10,5,0.3333333333333333
16,10,6,0.375
12,9,3,0.25
14,13,1,0.07142857142857142
17,11,6,0.35294117647058826
21,17,4,0.19047619047619047
8,8,0,0.0
12,9,3,0.25
9,6,3,0.3333333333333333
11,9,2,0.18181818181818182
16,12,4,0.25
12,6,6,0.5
11,16,5,0.45454545454545453
16,12,4,0.25
20,16,4,0.2
17,12,5,0.29411764705882354
21,16,5,0.23809523809523808
17,11,6,0.35294117647058826
22,16,6,0.2727272727272727
20,15,5,0.25
16,8,8,0.5
14,11,3,0.21428571428571427
6,5,1,0.16666666666666666
12,9,3,0.25
13,11,2,0.15384615384615385
16,10,6,0.375
22,14,8,0.36363636363636365
16,12,4,0.25
21,16,5,0.23809523809523808
14,11,3,0.21428571428571427
12,7,5,0.4166666666666667
19,12,7,0.3684210526315789
18,13,5,0.2777777777777778
12,9,3,0.25
13,10,3,0.23076923076923078
13,10,3,0.23076923076923078
17,15,2,0.11764705882352941
11,7,4,0.36363636363636365
22,16,6,0.2727272727272727
17,13,4,0.23529411764705882
16,13,3,0.1875
19,17,2,0.10526315789473684
16,14,2,0.125
15,10,5,0.3333333333333333
11,8,3,0.2727272727272727
15,14,1,0.06666666666666667
19,12,7,0.3684210526315789
16,10,6,0.375
20,17,3,0.15
16,13,3,0.1875
21,15,6,0.2857142857142857
19,15,4,0.21052631578947367
17,14,3,0.17647058823529413
20,16,4,0.2
13,9,4,0.3076923076923077
18,15,3,0.16666666666666666
16,10,6,0.375
15,14,1,0.06666666666666667
19,14,5,0.2631578947368421
20,16,4,0.2
5,4,1,0.2
18,14,4,0.2222222222222222
18,12,6,0.3333333333333333
18,15,3,0.16666666666666666
18,14,4,0.2222222222222222
20,18,2,0.1
16,13,3,0.1875
14,12,2,0.14285714285714285
22,14,8,0.36363636363636365
14,10,4,0.2857142857142857
19,17,2,0.10526315789473684
10,7,3,0.3
21,14,7,0.3333333333333333
18,15,3,0.16666666666666666
16,11,5,0.3125
12,10,2,0.16666666666666666
13,10,3,0.23076923076923078
19,17,2,0.10526315789473684
16,20,4,0.25
17,9,8,0.47058823529411764
14,13,1,0.07142857142857142
20,16,4,0.2
17,16,1,0.058823529411764705
18,15,3,0.16666666666666666
24,20,4,0.16666666666666666
21,14,7,0.3333333333333333
15,11,4,0.26666666666666666
10,7,3,0.3
19,15,4,0.21052631578947367
13,7,6,0.46153846153846156
15,10,5,0.3333333333333333
17,14,3,0.17647058823529413
16,11,5,0.3125
18,14,4,0.2222222222222222
14,10,4,0.2857142857142857
13,12,1,0.07692307692307693
20,15,5,0.25
16,12,4,0.25
15,15,0,0.0
19,15,4,0.21052631578947367
14,11,3,0.21428571428571427
20,16,4,0.2
15,11,4,0.26666666666666666
11,8,3,0.2727272727272727
17,10,7,0.4117647058823529
24,18,6,0.25
22,30,8,0.36363636363636365
12,12,0,0.0
18,15,3,0.16666666666666666
22,15,7,0.3181818181818182
17,13,4,0.23529411764705882
15,13,2,0.13333333333333333
15,10,5,0.3333333333333333
14,8,6,0.42857142857142855
19,16,3,0.15789473684210525
18,12,6,0.3333333333333333
17,15,2,0.11764705882352941
15,13,2,0.13333333333333333
16,10,6,0.375
14,11,3,0.21428571428571427
17,15,2,0.11764705882352941
22,13,9,0.4090909090909091
10,8,2,0.2
11,9,2,0.18181818181818182
17,15,2,0.11764705882352941
13,9,4,0.3076923076923077
21,15,6,0.2857142857142857
17,12,5,0.29411764705882354
20,11,9,0.45
23,18,5,0.21739130434782608
13,7,6,0.46153846153846156
10,7,3,0.3
24,19,5,0.20833333333333334
17,11,6,0.35294117647058826
14,9,5,0.35714285714285715
15,11,4,0.26666666666666666
25,15,10,0.4
20,14,6,0.3
19,11,8,0.42105263157894735
18,13,5,0.2777777777777778
8,8,0,0.0
19,14,5,0.2631578947368421
20,14,6,0.3
15,11,4,0.26666666666666666
10,4,6,0.6
20,13,7,0.35
20,14,6,0.3
18,14,4,0.2222222222222222
18,13,5,0.2777777777777778
16,11,5,0.3125
17,10,7,0.4117647058823529
21,13,8,0.38095238095238093
16,13,3,0.1875
20,18,2,0.1
21,17,4,0.19047619047619047
21,15,6,0.2857142857142857
14,9,5,0.35714285714285715
16,12,4,0.25
14,12,2,0.14285714285714285
13,8,5,0.38461538461538464
20,14,6,0.3
19,16,3,0.15789473684210525
14,12,2,0.14285714285714285
17,15,2,0.11764705882352941
12,8,4,0.3333333333333333
17,13,4,0.23529411764705882
15,11,4,0.26666666666666666
21,16,5,0.23809523809523808
16,12,4,0.25
19,10,9,0.47368421052631576
18,9,9,0.5
21,14,7,0.3333333333333333
15,11,4,0.26666666666666666
12,8,4,0.3333333333333333
15,10,5,0.3333333333333333
16,9,7,0.4375
21,15,6,0.2857142857142857
16,11,5,0.3125
19,13,6,0.3157894736842105
22,20,2,0.09090909090909091
20,13,7,0.35
15,10,5,0.3333333333333333
14,12,2,0.14285714285714285
20,17,3,0.15
15,11,4,0.26666666666666666
12,7,5,0.4166666666666667
18,12,6,0.3333333333333333
22,19,3,0.13636363636363635
19,15,4,0.21052631578947367
20,15,5,0.25
11,10,1,0.09090909090909091
16,12,4,0.25
22,16,6,0.2727272727272727
16,13,3,0.1875
21,15,6,0.2857142857142857
14,10,4,0.2857142857142857
22,14,8,0.36363636363636365
23,21,2,0.08695652173913043
17,12,5,0.29411764705882354
21,16,5,0.23809523809523808
21,15,6,0.2857142857142857
21,17,4,0.19047619047619047
20,15,5,0.25
14,11,3,0.21428571428571427
18,14,4,0.2222222222222222
13,10,3,0.23076923076923078
18,14,4,0.2222222222222222
20,15,5,0.25
20,18,2,0.1
22,18,4,0.18181818181818182
15,12,3,0.2
12,10,2,0.16666666666666666
14,12,2,0.14285714285714285
18,15,3,0.16666666666666666
17,8,9,0.5294117647058824
14,11,3,0.21428571428571427
18,14,4,0.2222222222222222
17,12,5,0.29411764705882354
19,10,9,0.47368421052631576
21,18,3,0.14285714285714285
17,11,6,0.35294117647058826
13,10,3,0.23076923076923078
21,17,4,0.19047619047619047
15,12,3,0.2
20,15,5,0.25
16,13,3,0.1875
11,8,3,0.2727272727272727
21,18,3,0.14285714285714285
18,18,0,0.0
20,18,2,0.1
16,12,4,0.25
18,14,4,0.2222222222222222
20,15,5,0.25
17,12,5,0.29411764705882354
20,15,5,0.25
17,12,5,0.29411764705882354
18,15,3,0.16666666666666666
13,9,4,0.3076923076923077
20,15,5,0.25
22,13,9,0.4090909090909091
13,7,6,0.46153846153846156
15,11,4,0.26666666666666666
22,16,6,0.2727272727272727
20,18,2,0.1
17,11,6,0.35294117647058826
13,11,2,0.15384615384615385
21,12,9,0.42857142857142855
15,11,4,0.26666666666666666
13,9,4,0.3076923076923077
15,12,3,0.2
16,15,1,0.0625
13,8,5,0.38461538461538464
19,13,6,0.3157894736842105
11,8,3,0.2727272727272727
20,14,6,0.3
17,13,4,0.23529411764705882
21,16,5,0.23809523809523808
17,13,4,0.23529411764705882
18,16,2,0.1111111111111111
15,7,8,0.5333333333333333
15,13,2,0.13333333333333333
16,10,6,0.375
24,20,4,0.16666666666666666
21,15,6,0.2857142857142857
18,12,6,0.3333333333333333
11,8,3,0.2727272727272727
17,13,4,0.23529411764705882
17,14,3,0.17647058823529413
17,13,4,0.23529411764705882
23,17,6,0.2608695652173913
11,8,3,0.2727272727272727
19,13,6,0.3157894736842105
17,14,3,0.17647058823529413
24,22,2,0.08333333333333333
16,11,5,0.3125
23,19,4,0.17391304347826086
16,10,6,0.375
7,5,2,0.2857142857142857
15,16,1,0.06666666666666667
18,15,3,0.16666666666666666
15,10,5,0.3333333333333333
7,3,4,0.5714285714285714
19,17,2,0.10526315789473684
15,11,4,0.26666666666666666
9,9,0,0.0
12,9,3,0.25
11,5,6,0.5454545454545454
17,13,4,0.23529411764705882
15,11,4,0.26666666666666666
18,13,5,0.2777777777777778
10,7,3,0.3
22,14,8,0.36363636363636365
16,13,3,0.1875
17,13,4,0.23529411764705882
24,18,6,0.25
16,21,5,0.3125
21,12,9,0.42857142857142855
17,12,5,0.29411764705882354
21,16,5,0.23809523809523808
17,13,4,0.23529411764705882
23,15,8,0.34782608695652173
16,13,3,0.1875
21,17,4,0.19047619047619047
20,17,3,0.15
20,20,0,0.0
18,14,4,0.2222222222222222
15,10,5,0.3333333333333333
17,11,6,0.35294117647058826
15,15,0,0.0
16,14,2,0.125
8,6,2,0.25
16,14,2,0.125
17,11,6,0.35294117647058826
14,10,4,0.2857142857142857
19,15,4,0.21052631578947367
17,13,4,0.23529411764705882
15,7,8,0.5333333333333333
12,13,1,0.08333333333333333
21,18,3,0.14285714285714285
17,16,1,0.058823529411764705
21,16,5,0.23809523809523808
9,6,3,0.3333333333333333
19,14,5,0.2631578947368421
17,14,3,0.17647058823529413
16,12,4,0.25
21,15,6,0.2857142857142857
18,9,9,0.5
13,9,4,0.3076923076923077
15,10,5,0.3333333333333333
20,13,7,0.35
18,15,3,0.16666666666666666
12,9,3,0.25
17,12,5,0.29411764705882354
22,18,4,0.18181818181818182
17,15,2,0.11764705882352941
13,10,3,0.23076923076923078
17,13,4,0.23529411764705882
17,14,3,0.17647058823529413
22,18,4,0.18181818181818182
10,6,4,0.4
20,14,6,0.3
11,10,1,0.09090909090909091
19,15,4,0.21052631578947367
18,16,2,0.1111111111111111
17,11,6,0.35294117647058826
15,12,3,0.2
17,12,5,0.29411764705882354
12,13,1,0.08333333333333333
16,13,3,0.1875
20,15,5,0.25
20,18,2,0.1
19,15,4,0.21052631578947367
8,7,1,0.125
18,18,0,0.0
18,13,5,0.2777777777777778
20,16,4,0.2
13,10,3,0.23076923076923078
15,12,3,0.2
19,16,3,0.15789473684210525
17,15,2,0.11764705882352941
22,16,6,0.2727272727272727
18,15,3,0.16666666666666666
18,14,4,0.2222222222222222
14,11,3,0.21428571428571427
18,13,5,0.2777777777777778
14,9,5,0.35714285714285715
18,13,5,0.2777777777777778
13,11,2,0.15384615384615385
13,8,5,0.38461538461538464
7,5,2,0.2857142857142857
21,19,2,0.09523809523809523
17,13,4,0.23529411764705882
20,15,5,0.25
21,17,4,0.19047619047619047
18,13,5,0.2777777777777778
19,12,7,0.3684210526315789
20,15,5,0.25
18,14,4,0.2222222222222222
21,15,6,0.2857142857142857
21,15,6,0.2857142857142857
20,16,4,0.2
13,12,1,0.07692307692307693
21,19,2,0.09523809523809523
18,15,3,0.16666666666666666
19,16,3,0.15789473684210525
8,8,0,0.0
11,11,0,0.0
21,20,1,0.047619047619047616
14,11,3,0.21428571428571427
21,16,5,0.23809523809523808
22,18,4,0.18181818181818182
14,8,6,0.42857142857142855
12,10,2,0.16666666666666666
17,11,6,0.35294117647058826
15,11,4,0.26666666666666666
14,11,3,0.21428571428571427
13,11,2,0.15384615384615385
21,16,5,0.23809523809523808
18,14,4,0.2222222222222222
14,8,6,0.42857142857142855
14,8,6,0.42857142857142855
16,13,3,0.1875
16,11,5,0.3125
18,15,3,0.16666666666666666
17,13,4,0.23529411764705882
8,7,1,0.125
18,13,5,0.2777777777777778
16,11,5,0.3125
12,9,3,0.25
13,5,8,0.6153846153846154
9,7,2,0.2222222222222222
20,15,5,0.25
19,13,6,0.3157894736842105
19,12,7,0.3684210526315789
15,11,4,0.26666666666666666
20,16,4,0.2
17,13,4,0.23529411764705882
14,10,4,0.2857142857142857
15,11,4,0.26666666666666666
23,17,6,0.2608695652173913
12,7,5,0.4166666666666667
19,14,5,0.2631578947368421
17,16,1,0.058823529411764705
17,13,4,0.23529411764705882
14,12,2,0.14285714285714285
16,18,2,0.125
22,16,6,0.2727272727272727
11,9,2,0.18181818181818182
16,11,5,0.3125
18,13,5,0.2777777777777778
16,12,4,0.25
14,11,3,0.21428571428571427
14,10,4,0.2857142857142857
19,14,5,0.2631578947368421
16,13,3,0.1875
16,16,0,0.0
20,14,6,0.3
16,11,5,0.3125
21,18,3,0.14285714285714285
16,10,6,0.375
14,12,2,0.14285714285714285
23,12,11,0.4782608695652174
17,12,5,0.29411764705882354
17,12,5,0.29411764705882354
18,10,8,0.4444444444444444
21,16,5,0.23809523809523808
16,13,3,0.1875
22,18,4,0.18181818181818182
13,10,3,0.23076923076923078
20,14,6,0.3
9,10,1,0.1111111111111111
19,14,5,0.2631578947368421
9,6,3,0.3333333333333333
14,9,5,0.35714285714285715
15,9,6,0.4
12,6,6,0.5
18,11,7,0.3888888888888889
22,19,3,0.13636363636363635
20,16,4,0.2
11,7,4,0.36363636363636365
22,16,6,0.2727272727272727
20,17,3,0.15
21,17,4,0.19047619047619047
19,14,5,0.2631578947368421
18,10,8,0.4444444444444444
23,19,4,0.17391304347826086
21,16,5,0.23809523809523808
18,15,3,0.16666666666666666
14,10,4,0.2857142857142857
17,14,3,0.17647058823529413
16,11,5,0.3125
16,14,2,0.125
17,12,5,0.29411764705882354
23,14,9,0.391304347826087
16,12,4,0.25
15,11,4,0.26666666666666666
23,18,5,0.21739130434782608
14,12,2,0.14285714285714285
23,19,4,0.17391304347826086
18,15,3,0.16666666666666666
12,8,4,0.3333333333333333
23,17,6,0.2608695652173913
12,11,1,0.08333333333333333
17,13,4,0.23529411764705882
12,10,2,0.16666666666666666
21,17,4,0.19047619047619047
19,14,5,0.2631578947368421
17,15,2,0.11764705882352941
15,11,4,0.26666666666666666
18,16,2,0.1111111111111111
19,15,4,0.21052631578947367
18,11,7,0.3888888888888889
10,7,3,0.3
19,16,3,0.15789473684210525
19,16,3,0.15789473684210525
15,11,4,0.26666666666666666
17,7,10,0.5882352941176471
10,11,1,0.1
16,12,4,0.25
21,19,2,0.09523809523809523
17,16,1,0.058823529411764705
14,11,3,0.21428571428571427
15,12,3,0.2
17,12,5,0.29411764705882354
16,12,4,0.25
21,17,4,0.19047619047619047
16,14,2,0.125
18,14,4,0.2222222222222222
10,8,2,0.2
6,5,1,0.16666666666666666
8,7,1,0.125
12,10,2,0.16666666666666666
21,12,9,0.42857142857142855
16,12,4,0.25
17,13,4,0.23529411764705882
11,9,2,0.18181818181818182
13,14,1,0.07692307692307693
19,16,3,0.15789473684210525
13,8,5,0.38461538461538464
16,15,1,0.0625
12,10,2,0.16666666666666666
23,15,8,0.34782608695652173
12,7,5,0.4166666666666667
21,17,4,0.19047619047619047
11,9,2,0.18181818181818182
20,17,3,0.15
17,14,3,0.17647058823529413
17,13,4,0.23529411764705882
15,12,3,0.2
20,17,3,0.15
18,14,4,0.2222222222222222
15,13,2,0.13333333333333333
15,11,4,0.26666666666666666
15,12,3,0.2
19,15,4,0.21052631578947367
25,19,6,0.24
17,10,7,0.4117647058823529
19,17,2,0.10526315789473684
19,13,6,0.3157894736842105
11,9,2,0.18181818181818182
20,13,7,0.35
19,16,3,0.15789473684210525
18,13,5,0.2777777777777778
19,15,4,0.21052631578947367
22,14,8,0.36363636363636365
17,11,6,0.35294117647058826
15,14,1,0.06666666666666667
13,10,3,0.23076923076923078
23,21,2,0.08695652173913043
18,10,8,0.4444444444444444
15,11,4,0.26666666666666666
20,15,5,0.25
14,12,2,0.14285714285714285
22,18,4,0.18181818181818182
19,14,5,0.2631578947368421
18,16,2,0.1111111111111111
22,16,6,0.2727272727272727
22,16,6,0.2727272727272727
19,14,5,0.2631578947368421
21,16,5,0.23809523809523808
16,12,4,0.25
11,6,5,0.45454545454545453
20,16,4,0.2
20,16,4,0.2
23,19,4,0.17391304347826086
21,18,3,0.14285714285714285
12,10,2,0.16666666666666666
16,11,5,0.3125
20,15,5,0.25
15,9,6,0.4
23,19,4,0.17391304347826086
18,13,5,0.2777777777777778
14,8,6,0.42857142857142855
9,8,1,0.1111111111111111
8,2,6,0.75
15,12,3,0.2
18,14,4,0.2222222222222222
19,13,6,0.3157894736842105
16,15,1,0.0625
19,14,5,0.2631578947368421
15,12,3,0.2
20,16,4,0.2
20,15,5,0.25
16,13,3,0.1875
23,18,5,0.21739130434782608
12,7,5,0.4166666666666667
17,14,3,0.17647058823529413
11,8,3,0.2727272727272727
16,16,0,0.0
12,10,2,0.16666666666666666
17,12,5,0.29411764705882354
17,14,3,0.17647058823529413
20,15,5,0.25
13,10,3,0.23076923076923078
23,16,7,0.30434782608695654
16,12,4,0.25
17,13,4,0.23529411764705882
20,15,5,0.25
15,13,2,0.13333333333333333
18,13,5,0.2777777777777778
20,12,8,0.4
20,13,7,0.35
17,17,0,0.0
11,10,1,0.09090909090909091
14,11,3,0.21428571428571427
16,10,6,0.375
19,15,4,0.21052631578947367
24,20,4,0.16666666666666666
19,15,4,0.21052631578947367
17,12,5,0.29411764705882354
25,20,5,0.2
15,9,6,0.4
19,12,7,0.3684210526315789
19,12,7,0.3684210526315789
20,17,3,0.15
11,9,2,0.18181818181818182
25,19,6,0.24
19,15,4,0.21052631578947367
22,15,7,0.3181818181818182
13,10,3,0.23076923076923078
20,21,1,0.05
23,18,5,0.21739130434782608
16,14,2,0.125
16,14,2,0.125
24,18,6,0.25
14,12,2,0.14285714285714285
17,12,5,0.29411764705882354
19,13,6,0.3157894736842105
19,14,5,0.2631578947368421
20,14,6,0.3
12,6,6,0.5
20,17,3,0.15
19,12,7,0.3684210526315789
15,7,8,0.5333333333333333
18,16,2,0.1111111111111111
12,9,3,0.25
25,19,6,0.24
11,9,2,0.18181818181818182
21,16,5,0.23809523809523808
17,13,4,0.23529411764705882
20,16,4,0.2
13,7,6,0.46153846153846156
22,12,10,0.45454545454545453
25,22,3,0.12
13,10,3,0.23076923076923078
24,18,6,0.25
17,13,4,0.23529411764705882
18,14,4,0.2222222222222222
12,11,1,0.08333333333333333
13,12,1,0.07692307692307693
20,14,6,0.3
18,13,5,0.2777777777777778
18,16,2,0.1111111111111111
13,9,4,0.3076923076923077
19,10,9,0.47368421052631576
11,10,1,0.09090909090909091
15,11,4,0.26666666666666666
21,12,9,0.42857142857142855
13,12,1,0.07692307692307693
25,20,5,0.2
10,4,6,0.6
18,13,5,0.2777777777777778
9,8,1,0.1111111111111111
17,15,2,0.11764705882352941
18,16,2,0.1111111111111111
18,11,7,0.3888888888888889
23,19,4,0.17391304347826086
15,12,3,0.2
21,16,5,0.23809523809523808
15,9,6,0.4
18,15,3,0.16666666666666666
21,20,1,0.047619047619047616
17,11,6,0.35294117647058826
24,17,7,0.2916666666666667
19,14,5,0.2631578947368421
20,17,3,0.15
17,11,6,0.35294117647058826
12,9,3,0.25
13,10,3,0.23076923076923078
22,16,6,0.2727272727272727
17,12,5,0.29411764705882354
14,11,3,0.21428571428571427
13,8,5,0.38461538461538464
10,8,2,0.2
18,14,4,0.2222222222222222
18,12,6,0.3333333333333333
19,11,8,0.42105263157894735
19,14,5,0.2631578947368421
21,15,6,0.2857142857142857
18,13,5,0.2777777777777778
16,11,5,0.3125
11,10,1,0.09090909090909091
15,10,5,0.3333333333333333
13,10,3,0.23076923076923078
16,15,1,0.0625
13,9,4,0.3076923076923077
18,14,4,0.2222222222222222
14,12,2,0.14285714285714285
21,16,5,0.23809523809523808
10,9,1,0.1
21,17,4,0.19047619047619047
9,7,2,0.2222222222222222
9,5,4,0.4444444444444444
15,13,2,0.13333333333333333
17,13,4,0.23529411764705882
17,11,6,0.35294117647058826
17,14,3,0.17647058823529413
16,15,1,0.0625
10,8,2,0.2
17,11,6,0.35294117647058826
15,8,7,0.4666666666666667
11,9,2,0.18181818181818182
18,11,7,0.3888888888888889
19,16,3,0.15789473684210525
22,13,9,0.4090909090909091
14,10,4,0.2857142857142857
19,16,3,0.15789473684210525
24,19,5,0.20833333333333334
18,14,4,0.2222222222222222
16,12,4,0.25
16,10,6,0.375
5,4,1,0.2
16,15,1,0.0625
15,15,0,0.0
16,13,3,0.1875
7,6,1,0.14285714285714285
16,13,3,0.1875
18,14,4,0.2222222222222222
23,20,3,0.13043478260869565
20,12,8,0.4
12,8,4,0.3333333333333333
22,16,6,0.2727272727272727
14,11,3,0.21428571428571427
18,9,9,0.5
20,16,4,0.2
17,13,4,0.23529411764705882
15,11,4,0.26666666666666666
13,10,3,0.23076923076923078
22,16,6,0.2727272727272727
15,12,3,0.2
19,15,4,0.21052631578947367
25,22,3,0.12
16,11,5,0.3125
17,12,5,0.29411764705882354
23,21,2,0.08695652173913043
16,13,3,0.1875
17,14,3,0.17647058823529413
11,7,4,0.36363636363636365
18,10,8,0.4444444444444444
21,15,6,0.2857142857142857
18,12,6,0.3333333333333333
18,13,5,0.2777777777777778
18,11,7,0.3888888888888889
14,9,5,0.35714285714285715
15,12,3,0.2
19,12,7,0.3684210526315789
19,15,4,0.21052631578947367
15,11,4,0.26666666666666666
20,14,6,0.3
13,9,4,0.3076923076923077
16,14,2,0.125
17,12,5,0.29411764705882354
21,15,6,0.2857142857142857
22,16,6,0.2727272727272727
16,12,4,0.25
14,12,2,0.14285714285714285
12,10,2,0.16666666666666666
19,17,2,0.10526315789473684
17,11,6,0.35294117647058826
19,13,6,0.3157894736842105
21,17,4,0.19047619047619047
18,15,3,0.16666666666666666
10,6,4,0.4
22,20,2,0.09090909090909091
17,14,3,0.17647058823529413
12,10,2,0.16666666666666666
21,17,4,0.19047619047619047
15,12,3,0.2
19,14,5,0.2631578947368421
18,12,6,0.3333333333333333
22,15,7,0.3181818181818182
19,15,4,0.21052631578947367
21,10,11,0.5238095238095238
13,9,4,0.3076923076923077
21,14,7,0.3333333333333333
19,12,7,0.3684210526315789
17,12,5,0.29411764705882354
17,12,5,0.29411764705882354
18,13,5,0.2777777777777778
12,10,2,0.16666666666666666
20,15,5,0.25
13,10,3,0.23076923076923078
17,14,3,0.17647058823529413
13,8,5,0.38461538461538464
19,16,3,0.15789473684210525
18,15,3,0.16666666666666666
18,11,7,0.3888888888888889
11,6,5,0.45454545454545453
13,9,4,0.3076923076923077
7,6,1,0.14285714285714285
21,16,5,0.23809523809523808
20,14,6,0.3
15,10,5,0.3333333333333333
10,7,3,0.3
19,13,6,0.3157894736842105
14,10,4,0.2857142857142857
20,14,6,0.3
25,24,1,0.04
11,8,3,0.2727272727272727
16,14,2,0.125
19,13,6,0.3157894736842105
16,14,2,0.125
16,11,5,0.3125
17,12,5,0.29411764705882354
12,8,4,0.3333333333333333
21,17,4,0.19047619047619047
19,15,4,0.21052631578947367
16,12,4,0.25
13,10,3,0.23076923076923078
16,14,2,0.125
17,11,6,0.35294117647058826
14,9,5,0.35714285714285715
14,9,5,0.35714285714285715
19,15,4,0.21052631578947367
20,16,4,0.2
21,15,6,0.2857142857142857
10,8,2,0.2
17,13,4,0.23529411764705882
22,18,4,0.18181818181818182
13,10,3,0.23076923076923078
17,12,5,0.29411764705882354
12,9,3,0.25
10,5,5,0.5
18,15,3,0.16666666666666666
21,20,1,0.047619047619047616
13,10,3,0.23076923076923078
22,16,6,0.2727272727272727
11,9,2,0.18181818181818182
15,14,1,0.06666666666666667
16,12,4,0.25
18,12,6,0.3333333333333333
15,13,2,0.13333333333333333
16,11,5,0.3125
14,8,6,0.42857142857142855
17,17,0,0.0
15,12,3,0.2
20,15,5,0.25
16,14,2,0.125
17,13,4,0.23529411764705882
10,10,0,0.0
17,14,3,0.17647058823529413
17,12,5,0.29411764705882354
20,16,4,0.2
21,14,7,0.3333333333333333
21,19,2,0.09523809523809523
18,14,4,0.2222222222222222
13,14,1,0.07692307692307693
14,9,5,0.35714285714285715
14,10,4,0.2857142857142857
15,10,5,0.3333333333333333
21,19,2,0.09523809523809523
13,11,2,0.15384615384615385
18,14,4,0.2222222222222222
18,16,2,0.1111111111111111
14,10,4,0.2857142857142857
22,22,0,0.0
4,4,0,0.0
16,12,4,0.25
14,12,2,0.14285714285714285
16,13,3,0.1875
15,10,5,0.3333333333333333
24,18,6,0.25
21,19,2,0.09523809523809523
4,2,2,0.5
20,16,4,0.2
14,12,2,0.14285714285714285
10,7,3,0.3
20,14,6,0.3
20,15,5,0.25
21,15,6,0.2857142857142857
18,12,6,0.3333333333333333
16,12,4,0.25
19,16,3,0.15789473684210525
12,11,1,0.08333333333333333
17,14,3,0.17647058823529413
15,13,2,0.13333333333333333
12,8,4,0.3333333333333333
20,9,11,0.55
15,12,3,0.2
5,2,3,0.6
9,5,4,0.4444444444444444
13,10,3,0.23076923076923078
19,14,5,0.2631578947368421
21,15,6,0.2857142857142857
17,14,3,0.17647058823529413
22,18,4,0.18181818181818182
22,19,3,0.13636363636363635
16,14,2,0.125
21,20,1,0.047619047619047616
22,20,2,0.09090909090909091
19,16,3,0.15789473684210525
18,13,5,0.2777777777777778
16,11,5,0.3125
15,10,5,0.3333333333333333
15,10,5,0.3333333333333333
22,18,4,0.18181818181818182
11,7,4,0.36363636363636365
10,10,0,0.0
21,17,4,0.19047619047619047
23,13,10,0.43478260869565216
14,10,4,0.2857142857142857
18,12,6,0.3333333333333333
15,14,1,0.06666666666666667
23,20,3,0.13043478260869565
22,20,2,0.09090909090909091
21,17,4,0.19047619047619047
17,11,6,0.35294117647058826
16,12,4,0.25
11,9,2,0.18181818181818182
16,11,5,0.3125
18,15,3,0.16666666666666666
18,12,6,0.3333333333333333
14,12,2,0.14285714285714285
25,16,9,0.36
15,11,4,0.26666666666666666
20,15,5,0.25
12,10,2,0.16666666666666666
20,15,5,0.25
18,9,9,0.5
12,10,2,0.16666666666666666
18,17,1,0.05555555555555555
16,12,4,0.25
20,17,3,0.15
17,12,5,0.29411764705882354
17,11,6,0.35294117647058826
17,14,3,0.17647058823529413
17,13,4,0.23529411764705882
15,13,2,0.13333333333333333
16,12,4,0.25
21,18,3,0.14285714285714285
15,11,4,0.26666666666666666
14,9,5,0.35714285714285715
15,14,1,0.06666666666666667
20,16,4,0.2
22,19,3,0.13636363636363635
19,17,2,0.10526315789473684
16,12,4,0.25
22,18,4,0.18181818181818182
20,16,4,0.2
17,12,5,0.29411764705882354
19,11,8,0.42105263157894735
8,8,0,0.0
14,9,5,0.35714285714285715
17,13,4,0.23529411764705882
15,8,7,0.4666666666666667
16,11,5,0.3125
19,15,4,0.21052631578947367
18,13,5,0.2777777777777778
17,13,4,0.23529411764705882
14,9,5,0.35714285714285715
15,12,3,0.2
24,16,8,0.3333333333333333
11,11,0,0.0
18,15,3,0.16666666666666666
15,10,5,0.3333333333333333
22,17,5,0.22727272727272727
14,12,2,0.14285714285714285
15,7,8,0.5333333333333333
14,12,2,0.14285714285714285
12,6,6,0.5
20,13,7,0.35
21,16,5,0.23809523809523808
14,12,2,0.14285714285714285
17,11,6,0.35294117647058826
14,10,4,0.2857142857142857
16,10,6,0.375
19,15,4,0.21052631578947367
15,10,5,0.3333333333333333
21,16,5,0.23809523809523808
19,14,5,0.2631578947368421
22,18,4,0.18181818181818182
15,12,3,0.2
17,13,4,0.23529411764705882
22,15,7,0.3181818181818182
14,12,2,0.14285714285714285
11,9,2,0.18181818181818182
24,19,5,0.20833333333333334
17,9,8,0.47058823529411764
21,16,5,0.23809523809523808
22,16,6,0.2727272727272727
18,12,6,0.3333333333333333
21,18,3,0.14285714285714285
14,11,3,0.21428571428571427
11,6,5,0.45454545454545453
21,18,3,0.14285714285714285
16,10,6,0.375
17,12,5,0.29411764705882354
14,10,4,0.2857142857142857
16,11,5,0.3125
15,14,1,0.06666666666666667
19,13,6,0.3157894736842105
12,8,4,0.3333333333333333
11,7,4,0.36363636363636365
16,11,5,0.3125
15,11,4,0.26666666666666666
18,11,7,0.3888888888888889
18,15,3,0.16666666666666666
17,13,4,0.23529411764705882
13,9,4,0.3076923076923077
14,10,4,0.2857142857142857
20,14,6,0.3
20,13,7,0.35
14,10,4,0.2857142857142857
23,17,6,0.2608695652173913
19,13,6,0.3157894736842105
22,17,5,0.22727272727272727
10,7,3,0.3
10,8,2,0.2
17,11,6,0.35294117647058826
17,11,6,0.35294117647058826
15,12,3,0.2
15,13,2,0.13333333333333333
16,11,5,0.3125
21,14,7,0.3333333333333333
15,13,2,0.13333333333333333
14,10,4,0.2857142857142857
5,5,0,0.0
18,14,4,0.2222222222222222
13,10,3,0.23076923076923078
14,9,5,0.35714285714285715
19,16,3,0.15789473684210525
19,15,4,0.21052631578947367
15,10,5,0.3333333333333333
16,15,1,0.0625
14,10,4,0.2857142857142857
17,10,7,0.4117647058823529
18,14,4,0.2222222222222222
8,6,2,0.25
13,14,1,0.07692307692307693
18,15,3,0.16666666666666666
17,12,5,0.29411764705882354
13,8,5,0.38461538461538464
21,14,7,0.3333333333333333
15,12,3,0.2
19,16,3,0.15789473684210525
19,15,4,0.21052631578947367
21,16,5,0.23809523809523808
19,16,3,0.15789473684210525
16,13,3,0.1875
13,9,4,0.3076923076923077
17,10,7,0.4117647058823529
19,14,5,0.2631578947368421
24,18,6,0.25
14,9,5,0.35714285714285715
17,15,2,0.11764705882352941
18,14,4,0.2222222222222222
7,5,2,0.2857142857142857
21,14,7,0.3333333333333333
23,18,5,0.21739130434782608
23,18,5,0.21739130434782608
14,10,4,0.2857142857142857
18,16,2,0.1111111111111111
14,11,3,0.21428571428571427
11,6,5,0.45454545454545453
13,9,4,0.3076923076923077
14,11,3,0.21428571428571427
14,9,5,0.35714285714285715
16,12,4,0.25
19,15,4,0.21052631578947367
14,9,5,0.35714285714285715
23,18,5,0.21739130434782608
19,14,5,0.2631578947368421
18,16,2,0.1111111111111111
17,13,4,0.23529411764705882
17,15,2,0.11764705882352941
17,13,4,0.23529411764705882
13,10,3,0.23076923076923078
20,15,5,0.25
14,10,4,0.2857142857142857
12,11,1,0.08333333333333333
13,12,1,0.07692307692307693
18,14,4,0.2222222222222222
19,14,5,0.2631578947368421
19,15,4,0.21052631578947367
16,12,4,0.25
18,13,5,0.2777777777777778
14,11,3,0.21428571428571427
22,15,7,0.3181818181818182
18,15,3,0.16666666666666666
10,9,1,0.1
17,13,4,0.23529411764705882
22,18,4,0.18181818181818182
11,10,1,0.09090909090909091
18,14,4,0.2222222222222222
23,17,6,0.2608695652173913
16,13,3,0.1875
10,10,0,0.0
22,20,2,0.09090909090909091
25,21,4,0.16
19,14,5,0.2631578947368421
16,12,4,0.25
18,15,3,0.16666666666666666
12,10,2,0.16666666666666666
17,13,4,0.23529411764705882
14,8,6,0.42857142857142855
19,15,4,0.21052631578947367
16,10,6,0.375
18,14,4,0.2222222222222222
21,17,4,0.19047619047619047
15,12,3,0.2
18,17,1,0.05555555555555555
16,13,3,0.1875
22,17,5,0.22727272727272727
15,9,6,0.4
16,12,4,0.25
16,12,4,0.25
14,12,2,0.14285714285714285
17,13,4,0.23529411764705882
24,19,5,0.20833333333333334
19,15,4,0.21052631578947367
15,9,6,0.4
18,14,4,0.2222222222222222
16,12,4,0.25
15,11,4,0.26666666666666666
21,16,5,0.23809523809523808
16,11,5,0.3125
19,16,3,0.15789473684210525
14,13,1,0.07142857142857142
22,16,6,0.2727272727272727
11,8,3,0.2727272727272727
18,15,3,0.16666666666666666
20,13,7,0.35
13,10,3,0.23076923076923078
13,11,2,0.15384615384615385
8,5,3,0.375
9,7,2,0.2222222222222222
15,13,2,0.13333333333333333
18,16,2,0.1111111111111111
10,8,2,0.2
22,16,6,0.2727272727272727
18,16,2,0.1111111111111111
12,8,4,0.3333333333333333
12,10,2,0.16666666666666666
13,10,3,0.23076923076923078
8,7,1,0.125
12,10,2,0.16666666666666666
22,16,6,0.2727272727272727
18,14,4,0.2222222222222222
13,13,0,0.0
15,11,4,0.26666666666666666
16,15,1,0.0625
21,16,5,0.23809523809523808
10,10,0,0.0
20,15,5,0.25
20,14,6,0.3
23,17,6,0.2608695652173913
23,20,3,0.13043478260869565
23,17,6,0.2608695652173913
20,15,5,0.25
17,13,4,0.23529411764705882
18,13,5,0.2777777777777778
20,12,8,0.4
14,9,5,0.35714285714285715
16,11,5,0.3125
16,13,3,0.1875
11,8,3,0.2727272727272727
16,13,3,0.1875
19,14,5,0.2631578947368421
21,19,2,0.09523809523809523
20,16,4,0.2
11,10,1,0.09090909090909091
23,18,5,0.21739130434782608
15,13,2,0.13333333333333333
14,12,2,0.14285714285714285
16,14,2,0.125
13,10,3,0.23076923076923078
21,18,3,0.14285714285714285
14,9,5,0.35714285714285715
19,16,3,0.15789473684210525
10,9,1,0.1
19,15,4,0.21052631578947367
21,18,3,0.14285714285714285
21,16,5,0.23809523809523808
21,16,5,0.23809523809523808
20,16,4,0.2
20,14,6,0.3
17,11,6,0.35294117647058826
11,11,0,0.0
17,15,2,0.11764705882352941
22,16,6,0.2727272727272727
16,11,5,0.3125
18,13,5,0.2777777777777778
12,10,2,0.16666666666666666
19,14,5,0.2631578947368421
11,8,3,0.2727272727272727
14,12,2,0.14285714285714285
20,17,3,0.15
13,11,2,0.15384615384615385
16,14,2,0.125
16,12,4,0.25
10,6,4,0.4
12,9,3,0.25
19,12,7,0.3684210526315789
16,12,4,0.25
18,16,2,0.1111111111111111
18,13,5,0.2777777777777778
18,14,4,0.2222222222222222
21,16,5,0.23809523809523808
12,12,0,0.0
14,12,2,0.14285714285714285
15,10,5,0.3333333333333333
18,15,3,0.16666666666666666
11,7,4,0.36363636363636365
20,15,5,0.25
15,12,3,0.2
16,11,5,0.3125
14,9,5,0.35714285714285715
20,14,6,0.3
13,8,5,0.38461538461538464
15,10,5,0.3333333333333333
21,16,5,0.23809523809523808
14,10,4,0.2857142857142857
16,12,4,0.25
13,7,6,0.46153846153846156
17,14,3,0.17647058823529413
20,19,1,0.05
13,9,4,0.3076923076923077
20,15,5,0.25
11,8,3,0.2727272727272727
8,3,5,0.625
20,15,5,0.25
22,18,4,0.18181818181818182
16,13,3,0.1875
19,16,3,0.15789473684210525
11,10,1,0.09090909090909091
17,12,5,0.29411764705882354
22,14,8,0.36363636363636365
15,11,4,0.26666666666666666
17,16,1,0.058823529411764705
21,16,5,0.23809523809523808
16,13,3,0.1875
12,7,5,0.4166666666666667
18,16,2,0.1111111111111111
19,17,2,0.10526315789473684
12,11,1,0.08333333333333333
13,10,3,0.23076923076923078
15,11,4,0.26666666666666666
18,14,4,0.2222222222222222
17,13,4,0.23529411764705882
16,11,5,0.3125
15,14,1,0.06666666666666667
18,14,4,0.2222222222222222
19,17,2,0.10526315789473684
14,10,4,0.2857142857142857
14,12,2,0.14285714285714285
18,13,5,0.2777777777777778
15,11,4,0.26666666666666666
15,12,3,0.2
19,14,5,0.2631578947368421
20,18,2,0.1
14,12,2,0.14285714285714285
16,10,6,0.375
12,9,3,0.25
22,18,4,0.18181818181818182
17,13,4,0.23529411764705882
22,16,6,0.2727272727272727
20,14,6,0.3
21,13,8,0.38095238095238093
16,11,5,0.3125
24,20,4,0.16666666666666666
19,16,3,0.15789473684210525
21,14,7,0.3333333333333333
21,16,5,0.23809523809523808
11,8,3,0.2727272727272727
22,14,8,0.36363636363636365
18,12,6,0.3333333333333333
25,25,0,0.0
20,14,6,0.3
19,13,6,0.3157894736842105
17,13,4,0.23529411764705882
18,16,2,0.1111111111111111
19,15,4,0.21052631578947367
10,5,5,0.5
23,15,8,0.34782608695652173
18,12,6,0.3333333333333333
17,12,5,0.29411764705882354
16,14,2,0.125
20,19,1,0.05
14,12,2,0.14285714285714285
21,17,4,0.19047619047619047
11,10,1,0.09090909090909091
21,16,5,0.23809523809523808
16,12,4,0.25
19,12,7,0.3684210526315789
14,8,6,0.42857142857142855
24,16,8,0.3333333333333333
14,14,0,0.0
15,10,5,0.3333333333333333
18,15,3,0.16666666666666666
19,15,4,0.21052631578947367
8,8,0,0.0
21,16,5,0.23809523809523808
11,9,2,0.18181818181818182
22,18,4,0.18181818181818182
21,18,3,0.14285714285714285
18,13,5,0.2777777777777778
15,13,2,0.13333333333333333
8,6,2,0.25
23,18,5,0.21739130434782608
21,16,5,0.23809523809523808
15,14,1,0.06666666666666667
19,14,5,0.2631578947368421
24,12,12,0.5
15,11,4,0.26666666666666666
20,15,5,0.25
17,13,4,0.23529411764705882
9,5,4,0.4444444444444444
21,20,1,0.047619047619047616
20,13,7,0.35
14,10,4,0.2857142857142857
20,17,3,0.15
21,14,7,0.3333333333333333
10,9,1,0.1
19,14,5,0.2631578947368421
22,15,7,0.3181818181818182
16,13,3,0.1875
21,12,9,0.42857142857142855
16,13,3,0.1875
21,16,5,0.23809523809523808
16,13,3,0.1875
11,8,3,0.2727272727272727
16,14,2,0.125
21,16,5,0.23809523809523808
21,15,6,0.2857142857142857
12,9,3,0.25
20,12,8,0.4
16,10,6,0.375
24,18,6,0.25
11,7,4,0.36363636363636365
12,11,1,0.08333333333333333
24,19,5,0.20833333333333334
19,11,8,0.42105263157894735
18,13,5,0.2777777777777778
20,17,3,0.15
22,16,6,0.2727272727272727
14,10,4,0.2857142857142857
14,9,5,0.35714285714285715
21,17,4,0.19047619047619047
10,6,4,0.4
15,10,5,0.3333333333333333
10,6,4,0.4
21,14,7,0.3333333333333333
17,11,6,0.35294117647058826
20,13,7,0.35
20,16,4,0.2
16,12,4,0.25
8,6,2,0.25
19,15,4,0.21052631578947367
9,9,0,0.0
16,10,6,0.375
16,12,4,0.25
14,11,3,0.21428571428571427
9,5,4,0.4444444444444444
10,6,4,0.4
16,11,5,0.3125
18,9,9,0.5
16,12,4,0.25
21,18,3,0.14285714285714285
23,16,7,0.30434782608695654
17,12,5,0.29411764705882354
16,12,4,0.25
17,15,2,0.11764705882352941
17,13,4,0.23529411764705882
17,10,7,0.4117647058823529
10,6,4,0.4
14,11,3,0.21428571428571427
15,13,2,0.13333333333333333
17,10,7,0.4117647058823529
14,8,6,0.42857142857142855
13,11,2,0.15384615384615385
18,17,1,0.05555555555555555
14,9,5,0.35714285714285715
17,11,6,0.35294117647058826
21,18,3,0.14285714285714285
14,10,4,0.2857142857142857
16,8,8,0.5
22,15,7,0.3181818181818182
24,19,5,0.20833333333333334
16,11,5,0.3125
15,8,7,0.4666666666666667
20,15,5,0.25
13,9,4,0.3076923076923077
15,11,4,0.26666666666666666
14,9,5,0.35714285714285715
18,10,8,0.4444444444444444
17,12,5,0.29411764705882354
23,17,6,0.2608695652173913
17,13,4,0.23529411764705882
21,13,8,0.38095238095238093
17,12,5,0.29411764705882354
16,13,3,0.1875
17,12,5,0.29411764705882354
16,14,2,0.125
14,11,3,0.21428571428571427
15,12,3,0.2
12,12,0,0.0
16,11,5,0.3125
16,13,3,0.1875
21,18,3,0.14285714285714285
16,12,4,0.25
18,13,5,0.2777777777777778
12,10,2,0.16666666666666666
18,12,6,0.3333333333333333
13,11,2,0.15384615384615385
21,20,1,0.047619047619047616
21,16,5,0.23809523809523808
23,15,8,0.34782608695652173
22,15,7,0.3181818181818182
12,10,2,0.16666666666666666
16,10,6,0.375
22,17,5,0.22727272727272727
19,10,9,0.47368421052631576
21,16,5,0.23809523809523808
21,15,6,0.2857142857142857
20,15,5,0.25
18,17,1,0.05555555555555555
19,17,2,0.10526315789473684
9,4,5,0.5555555555555556
17,17,0,0.0
17,14,3,0.17647058823529413
11,10,1,0.09090909090909091
15,12,3,0.2
18,16,2,0.1111111111111111
21,19,2,0.09523809523809523
15,11,4,0.26666666666666666
19,13,6,0.3157894736842105
15,11,4,0.26666666666666666
21,14,7,0.3333333333333333
21,13,8,0.38095238095238093
14,9,5,0.35714285714285715
15,7,8,0.5333333333333333
14,11,3,0.21428571428571427
10,6,4,0.4
15,11,4,0.26666666666666666
13,9,4,0.3076923076923077
15,11,4,0.26666666666666666
16,11,5,0.3125
19,15,4,0.21052631578947367
13,11,2,0.15384615384615385
14,10,4,0.2857142857142857
17,15,2,0.11764705882352941
22,15,7,0.3181818181818182
20,17,3,0.15
17,12,5,0.29411764705882354
10,6,4,0.4
14,12,2,0.14285714285714285
21,13,8,0.38095238095238093
19,16,3,0.15789473684210525
14,12,2,0.14285714285714285
25,21,4,0.16
15,10,5,0.3333333333333333
10,7,3,0.3
22,16,6,0.2727272727272727
21,16,5,0.23809523809523808
14,13,1,0.07142857142857142
19,15,4,0.21052631578947367
20,15,5,0.25
24,16,8,0.3333333333333333
20,15,5,0.25
14,10,4,0.2857142857142857
11,9,2,0.18181818181818182
16,14,2,0.125
13,9,4,0.3076923076923077
24,18,6,0.25
24,21,3,0.125
21,15,6,0.2857142857142857
16,13,3,0.1875
12,11,1,0.08333333333333333
14,9,5,0.35714285714285715
19,16,3,0.15789473684210525
15,12,3,0.2
21,16,5,0.23809523809523808
20,16,4,0.2
23,13,10,0.43478260869565216
17,12,5,0.29411764705882354
23,16,7,0.30434782608695654
20,14,6,0.3
15,10,5,0.3333333333333333
19,14,5,0.2631578947368421
13,10,3,0.23076923076923078
23,18,5,0.21739130434782608
25,18,7,0.28
20,13,7,0.35
18,13,5,0.2777777777777778
17,13,4,0.23529411764705882
15,10,5,0.3333333333333333
16,12,4,0.25
20,16,4,0.2
17,10,7,0.4117647058823529
21,19,2,0.09523809523809523
21,16,5,0.23809523809523808
12,11,1,0.08333333333333333
22,16,6,0.2727272727272727
20,15,5,0.25
22,18,4,0.18181818181818182
15,9,6,0.4
14,8,6,0.42857142857142855
13,7,6,0.46153846153846156
24,16,8,0.3333333333333333
8,7,1,0.125
19,13,6,0.3157894736842105
11,8,3,0.2727272727272727
13,13,0,0.0
15,10,5,0.3333333333333333
17,11,6,0.35294117647058826
19,14,5,0.2631578947368421
13,10,3,0.23076923076923078
15,12,3,0.2
16,13,3,0.1875
20,14,6,0.3
15,12,3,0.2
14,11,3,0.21428571428571427
15,9,6,0.4
19,14,5,0.2631578947368421
17,15,2,0.11764705882352941
19,15,4,0.21052631578947367
10,9,1,0.1
8,8,0,0.0
13,10,3,0.23076923076923078
19,17,2,0.10526315789473684
19,11,8,0.42105263157894735
24,23,1,0.041666666666666664
23,17,6,0.2608695652173913
24,20,4,0.16666666666666666
19,12,7,0.3684210526315789
15,13,2,0.13333333333333333
20,14,6,0.3
14,9,5,0.35714285714285715
11,6,5,0.45454545454545453
16,13,3,0.1875
17,13,4,0.23529411764705882
17,11,6,0.35294117647058826
11,6,5,0.45454545454545453
11,7,4,0.36363636363636365
20,15,5,0.25
14,11,3,0.21428571428571427
12,10,2,0.16666666666666666
15,12,3,0.2
22,16,6,0.2727272727272727
19,14,5,0.2631578947368421
23,16,7,0.30434782608695654
18,13,5,0.2777777777777778
23,15,8,0.34782608695652173
17,12,5,0.29411764705882354
17,13,4,0.23529411764705882
20,14,6,0.3
19,15,4,0.21052631578947367
22,14,8,0.36363636363636365
16,15,1,0.0625
14,10,4,0.2857142857142857
19,15,4,0.21052631578947367
15,12,3,0.2
19,12,7,0.3684210526315789
17,14,3,0.17647058823529413
23,14,9,0.391304347826087
14,11,3,0.21428571428571427
22,17,5,0.22727272727272727
18,16,2,0.1111111111111111
17,13,4,0.23529411764705882
14,11,3,0.21428571428571427
17,16,1,0.058823529411764705
18,13,5,0.2777777777777778
17,15,2,0.11764705882352941
16,12,4,0.25
23,19,4,0.17391304347826086
22,18,4,0.18181818181818182
21,16,5,0.23809523809523808
15,13,2,0.13333333333333333
14,13,1,0.07142857142857142
18,16,2,0.1111111111111111
14,7,7,0.5
15,12,3,0.2
19,16,3,0.15789473684210525
18,14,4,0.2222222222222222
21,18,3,0.14285714285714285
15,9,6,0.4
12,12,0,0.0
24,19,5,0.20833333333333334
19,13,6,0.3157894736842105
23,20,3,0.13043478260869565
18,13,5,0.2777777777777778
14,11,3,0.21428571428571427
15,11,4,0.26666666666666666
21,18,3,0.14285714285714285
15,10,5,0.3333333333333333
21,16,5,0.23809523809523808
19,15,4,0.21052631578947367
8,6,2,0.25
14,14,0,0.0
19,14,5,0.2631578947368421
11,8,3,0.2727272727272727
18,15,3,0.16666666666666666
18,12,6,0.3333333333333333
17,12,5,0.29411764705882354
15,10,5,0.3333333333333333
18,13,5,0.2777777777777778
19,15,4,0.21052631578947367
20,16,4,0.2
22,14,8,0.36363636363636365
15,11,4,0.26666666666666666
10,8,2,0.2
19,16,3,0.15789473684210525
13,12,1,0.07692307692307693
21,19,2,0.09523809523809523
21,15,6,0.2857142857142857
21,15,6,0.2857142857142857
18,15,3,0.16666666666666666
14,10,4,0.2857142857142857
16,13,3,0.1875
13,13,0,0.0
23,17,6,0.2608695652173913
18,13,5,0.2777777777777778
18,13,5,0.2777777777777778
14,12,2,0.14285714285714285
16,13,3,0.1875
11,9,2,0.18181818181818182
12,8,4,0.3333333333333333
23,18,5,0.21739130434782608
20,14,6,0.3
16,11,5,0.3125
17,15,2,0.11764705882352941
13,10,3,0.23076923076923078
19,16,3,0.15789473684210525
11,13,2,0.18181818181818182
23,19,4,0.17391304347826086
22,19,3,0.13636363636363635
17,14,3,0.17647058823529413
23,19,4,0.17391304347826086
19,14,5,0.2631578947368421
17,10,7,0.4117647058823529
11,6,5,0.45454545454545453
16,14,2,0.125
16,13,3,0.1875
16,12,4,0.25
17,12,5,0.29411764705882354
16,12,4,0.25
14,11,3,0.21428571428571427
15,13,2,0.13333333333333333
18,16,2,0.1111111111111111
15,11,4,0.26666666666666666
11,8,3,0.2727272727272727
13,10,3,0.23076923076923078
20,18,2,0.1
18,16,2,0.1111111111111111
8,6,2,0.25
21,15,6,0.2857142857142857
17,13,4,0.23529411764705882
13,9,4,0.3076923076923077
17,9,8,0.47058823529411764
18,12,6,0.3333333333333333
16,13,3,0.1875
19,18,1,0.05263157894736842
14,11,3,0.21428571428571427
21,15,6,0.2857142857142857
13,12,1,0.07692307692307693
20,14,6,0.3
19,13,6,0.3157894736842105
18,12,6,0.3333333333333333
23,20,3,0.13043478260869565
14,11,3,0.21428571428571427
22,19,3,0.13636363636363635
14,12,2,0.14285714285714285
19,15,4,0.21052631578947367
15,12,3,0.2
16,12,4,0.25
15,12,3,0.2
17,12,5,0.29411764705882354
9,6,3,0.3333333333333333
19,10,9,0.47368421052631576
18,16,2,0.1111111111111111
13,10,3,0.23076923076923078
21,16,5,0.23809523809523808
16,9,7,0.4375
21,18,3,0.14285714285714285
18,14,4,0.2222222222222222
16,10,6,0.375
16,14,2,0.125
21,16,5,0.23809523809523808
18,14,4,0.2222222222222222
21,13,8,0.38095238095238093
11,9,2,0.18181818181818182
17,12,5,0.29411764705882354
19,14,5,0.2631578947368421
19,15,4,0.21052631578947367
23,16,7,0.30434782608695654
18,14,4,0.2222222222222222
11,10,1,0.09090909090909091
19,13,6,0.3157894736842105
18,12,6,0.3333333333333333
21,13,8,0.38095238095238093
17,12,5,0.29411764705882354
16,13,3,0.1875
15,11,4,0.26666666666666666
16,8,8,0.5
22,11,11,0.5
18,13,5,0.2777777777777778
13,11,2,0.15384615384615385
18,7,11,0.6111111111111112
23,16,7,0.30434782608695654
18,14,4,0.2222222222222222
20,12,8,0.4
15,10,5,0.3333333333333333
12,9,3,0.25
21,16,5,0.23809523809523808
12,9,3,0.25
20,11,9,0.45
17,12,5,0.29411764705882354
13,10,3,0.23076923076923078
24,17,7,0.2916666666666667
17,12,5,0.29411764705882354
17,14,3,0.17647058823529413
22,14,8,0.36363636363636365
15,9,6,0.4
16,12,4,0.25
16,12,4,0.25
13,8,5,0.38461538461538464
23,14,9,0.391304347826087
13,10,3,0.23076923076923078
18,12,6,0.3333333333333333
22,19,3,0.13636363636363635
16,12,4,0.25
24,19,5,0.20833333333333334
16,11,5,0.3125
11,8,3,0.2727272727272727
23,16,7,0.30434782608695654
13,11,2,0.15384615384615385
13,12,1,0.07692307692307693
21,16,5,0.23809523809523808
16,13,3,0.1875
16,11,5,0.3125
19,15,4,0.21052631578947367
12,10,2,0.16666666666666666
17,16,1,0.058823529411764705
12,10,2,0.16666666666666666
20,16,4,0.2
22,16,6,0.2727272727272727
18,15,3,0.16666666666666666
20,16,4,0.2
19,18,1,0.05263157894736842
17,15,2,0.11764705882352941
13,6,7,0.5384615384615384
16,11,5,0.3125
23,14,9,0.391304347826087
18,14,4,0.2222222222222222
15,11,4,0.26666666666666666
21,16,5,0.23809523809523808
13,9,4,0.3076923076923077
19,10,9,0.47368421052631576
21,17,4,0.19047619047619047
18,14,4,0.2222222222222222
14,11,3,0.21428571428571427
23,20,3,0.13043478260869565
13,12,1,0.07692307692307693
23,19,4,0.17391304347826086
23,19,4,0.17391304347826086
17,16,1,0.058823529411764705
18,15,3,0.16666666666666666
17,10,7,0.4117647058823529
16,12,4,0.25
16,11,5,0.3125
22,17,5,0.22727272727272727
20,15,5,0.25
16,11,5,0.3125
17,13,4,0.23529411764705882
11,8,3,0.2727272727272727
19,15,4,0.21052631578947367
16,13,3,0.1875
11,8,3,0.2727272727272727
19,15,4,0.21052631578947367
13,12,1,0.07692307692307693
18,13,5,0.2777777777777778
25,19,6,0.24
12,9,3,0.25
14,8,6,0.42857142857142855
14,7,7,0.5
18,15,3,0.16666666666666666
20,16,4,0.2
20,16,4,0.2
15,9,6,0.4
17,13,4,0.23529411764705882
14,9,5,0.35714285714285715
13,9,4,0.3076923076923077
17,13,4,0.23529411764705882
12,9,3,0.25
14,9,5,0.35714285714285715
14,7,7,0.5
21,14,7,0.3333333333333333
18,16,2,0.1111111111111111
21,15,6,0.2857142857142857
18,10,8,0.4444444444444444
17,11,6,0.35294117647058826
15,12,3,0.2
19,15,4,0.21052631578947367
16,10,6,0.375
22,14,8,0.36363636363636365
18,11,7,0.3888888888888889
16,11,5,0.3125
21,16,5,0.23809523809523808
11,7,4,0.36363636363636365
18,13,5,0.2777777777777778
20,13,7,0.35
15,14,1,0.06666666666666667
19,12,7,0.3684210526315789
10,10,0,0.0
23,19,4,0.17391304347826086
20,18,2,0.1
15,8,7,0.4666666666666667
11,9,2,0.18181818181818182
17,13,4,0.23529411764705882
21,15,6,0.2857142857142857
20,19,1,0.05
20,13,7,0.35
13,11,2,0.15384615384615385
18,14,4,0.2222222222222222
14,9,5,0.35714285714285715
8,7,1,0.125
11,8,3,0.2727272727272727
12,8,4,0.3333333333333333
17,13,4,0.23529411764705882
20,17,3,0.15
21,17,4,0.19047619047619047
20,12,8,0.4
13,8,5,0.38461538461538464
18,12,6,0.3333333333333333
15,11,4,0.26666666666666666
25,22,3,0.12
15,10,5,0.3333333333333333
12,9,3,0.25
19,11,8,0.42105263157894735
23,22,1,0.043478260869565216
18,12,6,0.3333333333333333
13,12,1,0.07692307692307693
15,14,1,0.06666666666666667
16,12,4,0.25
20,15,5,0.25
15,12,3,0.2
18,14,4,0.2222222222222222
12,9,3,0.25
15,13,2,0.13333333333333333
21,17,4,0.19047619047619047
24,19,5,0.20833333333333334
17,11,6,0.35294117647058826
14,11,3,0.21428571428571427
16,11,5,0.3125
22,18,4,0.18181818181818182
11,10,1,0.09090909090909091
19,14,5,0.2631578947368421
17,14,3,0.17647058823529413
13,9,4,0.3076923076923077
16,9,7,0.4375
18,17,1,0.05555555555555555
17,12,5,0.29411764705882354
17,14,3,0.17647058823529413
12,9,3,0.25
22,16,6,0.2727272727272727
17,11,6,0.35294117647058826
20,11,9,0.45
15,9,6,0.4
10,7,3,0.3
16,12,4,0.25
17,12,5,0.29411764705882354
12,9,3,0.25
22,20,2,0.09090909090909091
12,9,3,0.25
19,16,3,0.15789473684210525
20,15,5,0.25
14,10,4,0.2857142857142857
12,8,4,0.3333333333333333
16,12,4,0.25
15,13,2,0.13333333333333333
20,15,5,0.25
17,14,3,0.17647058823529413
24,21,3,0.125
19,16,3,0.15789473684210525
17,17,0,0.0
13,12,1,0.07692307692307693
23,18,5,0.21739130434782608
16,12,4,0.25
15,11,4,0.26666666666666666
18,17,1,0.05555555555555555
17,12,5,0.29411764705882354
18,12,6,0.3333333333333333
20,15,5,0.25
18,13,5,0.2777777777777778
19,14,5,0.2631578947368421
18,13,5,0.2777777777777778
13,9,4,0.3076923076923077
14,8,6,0.42857142857142855
14,8,6,0.42857142857142855
14,12,2,0.14285714285714285
20,14,6,0.3
20,18,2,0.1
18,13,5,0.2777777777777778
17,14,3,0.17647058823529413
21,14,7,0.3333333333333333
24,17,7,0.2916666666666667
18,18,0,0.0
14,11,3,0.21428571428571427
13,11,2,0.15384615384615385
17,14,3,0.17647058823529413
16,12,4,0.25
13,11,2,0.15384615384615385
17,13,4,0.23529411764705882
14,13,1,0.07142857142857142
10,8,2,0.2
18,14,4,0.2222222222222222
21,13,8,0.38095238095238093
16,13,3,0.1875
18,14,4,0.2222222222222222
15,13,2,0.13333333333333333
15,12,3,0.2
16,12,4,0.25
22,16,6,0.2727272727272727
14,10,4,0.2857142857142857
22,21,1,0.045454545454545456
19,18,1,0.05263157894736842
18,13,5,0.2777777777777778
18,13,5,0.2777777777777778
24,20,4,0.16666666666666666
16,13,3,0.1875
20,13,7,0.35
17,15,2,0.11764705882352941
16,12,4,0.25
19,15,4,0.21052631578947367
25,22,3,0.12
22,18,4,0.18181818181818182
14,10,4,0.2857142857142857
16,14,2,0.125
16,12,4,0.25
18,13,5,0.2777777777777778
20,17,3,0.15
20,15,5,0.25
23,17,6,0.2608695652173913
10,8,2,0.2
21,19,2,0.09523809523809523
25,21,4,0.16
19,16,3,0.15789473684210525
22,16,6,0.2727272727272727
23,19,4,0.17391304347826086
14,13,1,0.07142857142857142
18,8,10,0.5555555555555556
20,15,5,0.25
18,14,4,0.2222222222222222
15,14,1,0.06666666666666667
14,12,2,0.14285714285714285
16,13,3,0.1875
19,14,5,0.2631578947368421
21,17,4,0.19047619047619047
11,10,1,0.09090909090909091
10,7,3,0.3
19,15,4,0.21052631578947367
18,14,4,0.2222222222222222
19,15,4,0.21052631578947367
19,10,9,0.47368421052631576
19,14,5,0.2631578947368421
12,11,1,0.08333333333333333
18,13,5,0.2777777777777778
19,13,6,0.3157894736842105
21,18,3,0.14285714285714285
16,16,0,0.0
21,17,4,0.19047619047619047
16,12,4,0.25
23,16,7,0.30434782608695654
15,13,2,0.13333333333333333
21,17,4,0.19047619047619047
16,15,1,0.0625
16,11,5,0.3125
18,14,4,0.2222222222222222
16,12,4,0.25
15,11,4,0.26666666666666666
11,8,3,0.2727272727272727
14,11,3,0.21428571428571427
12,9,3,0.25
14,9,5,0.35714285714285715
15,14,1,0.06666666666666667
22,18,4,0.18181818181818182
21,17,4,0.19047619047619047
21,16,5,0.23809523809523808
17,8,9,0.5294117647058824
15,11,4,0.26666666666666666
10,7,3,0.3
10,8,2,0.2
21,18,3,0.14285714285714285
17,13,4,0.23529411764705882
21,17,4,0.19047619047619047
18,13,5,0.2777777777777778
14,10,4,0.2857142857142857
16,11,5,0.3125
16,12,4,0.25
22,18,4,0.18181818181818182
18,14,4,0.2222222222222222
18,16,2,0.1111111111111111
23,19,4,0.17391304347826086
18,12,6,0.3333333333333333
21,17,4,0.19047619047619047
12,10,2,0.16666666666666666
8,3,5,0.625
23,20,3,0.13043478260869565
25,21,4,0.16
19,15,4,0.21052631578947367
15,10,5,0.3333333333333333
15,12,3,0.2
16,12,4,0.25
14,13,1,0.07142857142857142
12,9,3,0.25
17,14,3,0.17647058823529413
17,10,7,0.4117647058823529
10,8,2,0.2
20,12,8,0.4
19,16,3,0.15789473684210525
23,20,3,0.13043478260869565
9,8,1,0.1111111111111111
19,15,4,0.21052631578947367
14,10,4,0.2857142857142857
22,19,3,0.13636363636363635
17,13,4,0.23529411764705882
18,16,2,0.1111111111111111
19,16,3,0.15789473684210525
12,13,1,0.08333333333333333
11,11,0,0.0
19,18,1,0.05263157894736842
19,17,2,0.10526315789473684
23,18,5,0.21739130434782608
23,14,9,0.391304347826087
14,9,5,0.35714285714285715
20,14,6,0.3
11,9,2,0.18181818181818182
18,15,3,0.16666666666666666
16,11,5,0.3125
24,21,3,0.125
13,11,2,0.15384615384615385
12,7,5,0.4166666666666667
14,11,3,0.21428571428571427
12,6,6,0.5
19,15,4,0.21052631578947367
13,9,4,0.3076923076923077
19,10,9,0.47368421052631576
18,11,7,0.3888888888888889
19,13,6,0.3157894736842105
19,13,6,0.3157894736842105
15,11,4,0.26666666666666666
18,13,5,0.2777777777777778
14,12,2,0.14285714285714285
10,8,2,0.2
22,16,6,0.2727272727272727
20,17,3,0.15
21,17,4,0.19047619047619047
19,14,5,0.2631578947368421
12,7,5,0.4166666666666667
13,9,4,0.3076923076923077
13,11,2,0.15384615384615385
12,7,5,0.4166666666666667
21,14,7,0.3333333333333333
12,11,1,0.08333333333333333
17,11,6,0.35294117647058826
20,14,6,0.3
16,15,1,0.0625
16,13,3,0.1875
18,11,7,0.3888888888888889
18,15,3,0.16666666666666666
18,14,4,0.2222222222222222
16,12,4,0.25
13,11,2,0.15384615384615385
18,11,7,0.3888888888888889
22,17,5,0.22727272727272727
16,15,1,0.0625
22,18,4,0.18181818181818182
16,12,4,0.25
11,6,5,0.45454545454545453
13,10,3,0.23076923076923078
18,13,5,0.2777777777777778
19,11,8,0.42105263157894735
13,8,5,0.38461538461538464
19,13,6,0.3157894736842105
17,17,0,0.0
21,17,4,0.19047619047619047
16,11,5,0.3125
24,13,11,0.4583333333333333
19,18,1,0.05263157894736842
19,14,5,0.2631578947368421
19,15,4,0.21052631578947367
20,16,4,0.2
21,14,7,0.3333333333333333
15,11,4,0.26666666666666666
16,13,3,0.1875
15,12,3,0.2
14,9,5,0.35714285714285715
18,14,4,0.2222222222222222
18,14,4,0.2222222222222222
20,14,6,0.3
21,12,9,0.42857142857142855
21,16,5,0.23809523809523808
19,15,4,0.21052631578947367
15,13,2,0.13333333333333333
17,15,2,0.11764705882352941
13,10,3,0.23076923076923078
11,8,3,0.2727272727272727
19,13,6,0.3157894736842105
21,16,5,0.23809523809523808
20,14,6,0.3
15,11,4,0.26666666666666666
19,14,5,0.2631578947368421
17,16,1,0.058823529411764705
20,16,4,0.2
13,7,6,0.46153846153846156
20,13,7,0.35
18,15,3,0.16666666666666666
16,13,3,0.1875
17,13,4,0.23529411764705882
5,3,2,0.4
18,14,4,0.2222222222222222
16,13,3,0.1875
11,9,2,0.18181818181818182
19,13,6,0.3157894736842105
18,16,2,0.1111111111111111
23,16,7,0.30434782608695654
19,15,4,0.21052631578947367
14,13,1,0.07142857142857142
20,16,4,0.2
21,17,4,0.19047619047619047
18,15,3,0.16666666666666666
21,17,4,0.19047619047619047
12,8,4,0.3333333333333333
19,15,4,0.21052631578947367
19,13,6,0.3157894736842105
20,16,4,0.2
15,12,3,0.2
18,12,6,0.3333333333333333
22,17,5,0.22727272727272727
20,14,6,0.3
24,18,6,0.25
15,9,6,0.4
13,9,4,0.3076923076923077
20,15,5,0.25
19,15,4,0.21052631578947367
17,12,5,0.29411764705882354
18,13,5,0.2777777777777778
20,17,3,0.15
18,17,1,0.05555555555555555
17,15,2,0.11764705882352941
23,17,6,0.2608695652173913
12,10,2,0.16666666666666666
21,16,5,0.23809523809523808
14,10,4,0.2857142857142857
12,10,2,0.16666666666666666
20,16,4,0.2
19,16,3,0.15789473684210525
25,20,5,0.2
11,5,6,0.5454545454545454
21,14,7,0.3333333333333333
15,11,4,0.26666666666666666
18,17,1,0.05555555555555555
14,12,2,0.14285714285714285
18,14,4,0.2222222222222222
19,14,5,0.2631578947368421
14,8,6,0.42857142857142855
18,13,5,0.2777777777777778
21,15,6,0.2857142857142857
16,15,1,0.0625
19,13,6,0.3157894736842105
16,9,7,0.4375
20,15,5,0.25
21,17,4,0.19047619047619047
11,9,2,0.18181818181818182
19,14,5,0.2631578947368421
16,14,2,0.125
17,11,6,0.35294117647058826
19,14,5,0.2631578947368421
15,13,2,0.13333333333333333
7,5,2,0.2857142857142857
18,13,5,0.2777777777777778
16,12,4,0.25
10,7,3,0.3
13,8,5,0.38461538461538464
13,12,1,0.07692307692307693
20,12,8,0.4
12,10,2,0.16666666666666666
20,14,6,0.3
20,16,4,0.2
14,10,4,0.2857142857142857
20,19,1,0.05
15,12,3,0.2
16,14,2,0.125
17,15,2,0.11764705882352941
12,10,2,0.16666666666666666
11,10,1,0.09090909090909091
17,9,8,0.47058823529411764
16,12,4,0.25
14,10,4,0.2857142857142857
17,13,4,0.23529411764705882
19,12,7,0.3684210526315789
20,15,5,0.25
16,12,4,0.25
20,16,4,0.2
22,20,2,0.09090909090909091
18,13,5,0.2777777777777778
19,15,4,0.21052631578947367
16,11,5,0.3125
21,17,4,0.19047619047619047
14,10,4,0.2857142857142857
15,9,6,0.4
11,8,3,0.2727272727272727
21,16,5,0.23809523809523808
19,16,3,0.15789473684210525
21,16,5,0.23809523809523808
18,14,4,0.2222222222222222
16,14,2,0.125
17,13,4,0.23529411764705882
16,11,5,0.3125
17,9,8,0.47058823529411764
15,10,5,0.3333333333333333
13,10,3,0.23076923076923078
24,21,3,0.125
15,10,5,0.3333333333333333
13,7,6,0.46153846153846156
19,16,3,0.15789473684210525
19,13,6,0.3157894736842105
21,16,5,0.23809523809523808
17,14,3,0.17647058823529413
19,15,4,0.21052631578947367
18,14,4,0.2222222222222222
21,15,6,0.2857142857142857
18,14,4,0.2222222222222222
9,3,6,0.6666666666666666
18,10,8,0.4444444444444444
9,8,1,0.1111111111111111
13,12,1,0.07692307692307693
20,18,2,0.1
16,8,8,0.5
17,15,2,0.11764705882352941
16,17,1,0.0625
23,17,6,0.2608695652173913
15,11,4,0.26666666666666666
23,21,2,0.08695652173913043
17,12,5,0.29411764705882354
22,20,2,0.09090909090909091
10,7,3,0.3
13,9,4,0.3076923076923077
19,14,5,0.2631578947368421
14,10,4,0.2857142857142857
17,14,3,0.17647058823529413
3,2,1,0.3333333333333333
14,11,3,0.21428571428571427
19,14,5,0.2631578947368421
15,12,3,0.2
21,18,3,0.14285714285714285
19,15,4,0.21052631578947367
20,15,5,0.25
17,11,6,0.35294117647058826
15,10,5,0.3333333333333333
16,11,5,0.3125
22,14,8,0.36363636363636365
18,14,4,0.2222222222222222
18,13,5,0.2777777777777778
18,14,4,0.2222222222222222
12,10,2,0.16666666666666666
9,7,2,0.2222222222222222
17,15,2,0.11764705882352941
17,13,4,0.23529411764705882
14,9,5,0.35714285714285715
6,3,3,0.5
20,13,7,0.35
16,12,4,0.25
21,12,9,0.42857142857142855
18,12,6,0.3333333333333333
23,13,10,0.43478260869565216
15,11,4,0.26666666666666666
17,11,6,0.35294117647058826
12,4,8,0.6666666666666666
10,7,3,0.3
12,11,1,0.08333333333333333
13,11,2,0.15384615384615385
17,14,3,0.17647058823529413
15,11,4,0.26666666666666666
21,17,4,0.19047619047619047
11,8,3,0.2727272727272727
17,14,3,0.17647058823529413
19,11,8,0.42105263157894735
15,13,2,0.13333333333333333
10,7,3,0.3
10,7,3,0.3
12,11,1,0.08333333333333333
22,12,10,0.45454545454545453
18,16,2,0.1111111111111111
18,16,2,0.1111111111111111
18,9,9,0.5
15,10,5,0.3333333333333333
25,19,6,0.24
19,15,4,0.21052631578947367
22,17,5,0.22727272727272727
20,15,5,0.25
11,7,4,0.36363636363636365
6,5,1,0.16666666666666666
18,12,6,0.3333333333333333
17,15,2,0.11764705882352941
13,12,1,0.07692307692307693
19,12,7,0.3684210526315789
18,14,4,0.2222222222222222
15,10,5,0.3333333333333333
17,14,3,0.17647058823529413
14,12,2,0.14285714285714285
22,17,5,0.22727272727272727
14,11,3,0.21428571428571427
19,18,1,0.05263157894736842
15,9,6,0.4
21,15,6,0.2857142857142857
14,11,3,0.21428571428571427
19,18,1,0.05263157894736842
19,17,2,0.10526315789473684
21,16,5,0.23809523809523808
15,10,5,0.3333333333333333
22,16,6,0.2727272727272727
15,11,4,0.26666666666666666
17,17,0,0.0
21,16,5,0.23809523809523808
16,15,1,0.0625
19,10,9,0.47368421052631576
14,11,3,0.21428571428571427
16,11,5,0.3125
19,14,5,0.2631578947368421
18,11,7,0.3888888888888889
17,12,5,0.29411764705882354
15,11,4,0.26666666666666666
19,13,6,0.3157894736842105
18,12,6,0.3333333333333333
20,13,7,0.35
16,13,3,0.1875
21,19,2,0.09523809523809523
22,18,4,0.18181818181818182
23,15,8,0.34782608695652173
12,10,2,0.16666666666666666
12,11,1,0.08333333333333333
18,14,4,0.2222222222222222
22,16,6,0.2727272727272727
15,9,6,0.4
16,10,6,0.375
6,8,2,0.3333333333333333
15,9,6,0.4
16,10,6,0.375
13,11,2,0.15384615384615385
12,9,3,0.25
11,10,1,0.09090909090909091
20,19,1,0.05
14,10,4,0.2857142857142857
12,9,3,0.25
14,7,7,0.5
13,9,4,0.3076923076923077
20,17,3,0.15
15,14,1,0.06666666666666667
15,13,2,0.13333333333333333
19,14,5,0.2631578947368421
22,15,7,0.3181818181818182
12,10,2,0.16666666666666666
10,8,2,0.2
20,15,5,0.25
16,11,5,0.3125
13,10,3,0.23076923076923078
15,9,6,0.4
18,15,3,0.16666666666666666
11,9,2,0.18181818181818182
11,8,3,0.2727272727272727
12,9,3,0.25
17,11,6,0.35294117647058826
20,16,4,0.2
14,9,5,0.35714285714285715
10,6,4,0.4
18,12,6,0.3333333333333333
21,18,3,0.14285714285714285
16,14,2,0.125
12,12,0,0.0
12,9,3,0.25
16,14,2,0.125
18,17,1,0.05555555555555555
9,6,3,0.3333333333333333
14,12,2,0.14285714285714285
19,17,2,0.10526315789473684
22,15,7,0.3181818181818182
21,13,8,0.38095238095238093
18,13,5,0.2777777777777778
16,12,4,0.25
17,13,4,0.23529411764705882
22,19,3,0.13636363636363635
17,12,5,0.29411764705882354
13,6,7,0.5384615384615384
14,12,2,0.14285714285714285
15,7,8,0.5333333333333333
21,16,5,0.23809523809523808
21,11,10,0.47619047619047616
19,15,4,0.21052631578947367
21,13,8,0.38095238095238093
15,9,6,0.4
14,9,5,0.35714285714285715
13,12,1,0.07692307692307693
18,10,8,0.4444444444444444
17,16,1,0.058823529411764705
14,12,2,0.14285714285714285
20,17,3,0.15
19,14,5,0.2631578947368421
20,17,3,0.15
18,13,5,0.2777777777777778
20,16,4,0.2
17,11,6,0.35294117647058826
17,10,7,0.4117647058823529
21,15,6,0.2857142857142857
21,19,2,0.09523809523809523
18,13,5,0.2777777777777778
23,17,6,0.2608695652173913
16,13,3,0.1875
20,13,7,0.35
16,13,3,0.1875
18,13,5,0.2777777777777778
17,10,7,0.4117647058823529
15,16,1,0.06666666666666667
21,19,2,0.09523809523809523
23,21,2,0.08695652173913043
13,9,4,0.3076923076923077
16,12,4,0.25
12,10,2,0.16666666666666666
14,12,2,0.14285714285714285
14,11,3,0.21428571428571427
15,11,4,0.26666666666666666
22,17,5,0.22727272727272727
16,13,3,0.1875
24,21,3,0.125
14,10,4,0.2857142857142857
11,10,1,0.09090909090909091
10,6,4,0.4
6,5,1,0.16666666666666666
16,13,3,0.1875
23,16,7,0.30434782608695654
20,13,7,0.35
21,17,4,0.19047619047619047
12,11,1,0.08333333333333333
16,12,4,0.25
10,8,2,0.2
20,17,3,0.15
23,21,2,0.08695652173913043
17,11,6,0.35294117647058826
20,15,5,0.25
18,14,4,0.2222222222222222
22,19,3,0.13636363636363635
20,16,4,0.2
15,11,4,0.26666666666666666
17,14,3,0.17647058823529413
18,12,6,0.3333333333333333
19,14,5,0.2631578947368421
11,9,2,0.18181818181818182
19,13,6,0.3157894736842105
15,15,0,0.0
13,11,2,0.15384615384615385
16,11,5,0.3125
21,15,6,0.2857142857142857
17,13,4,0.23529411764705882
21,14,7,0.3333333333333333
11,9,2,0.18181818181818182
12,9,3,0.25
25,22,3,0.12
22,19,3,0.13636363636363635
19,13,6,0.3157894736842105
16,12,4,0.25
16,13,3,0.1875
23,20,3,0.13043478260869565
19,13,6,0.3157894736842105
19,15,4,0.21052631578947367
22,17,5,0.22727272727272727
13,13,0,0.0
21,17,4,0.19047619047619047
16,11,5,0.3125
13,10,3,0.23076923076923078
15,13,2,0.13333333333333333
5,4,1,0.2
12,8,4,0.3333333333333333
19,15,4,0.21052631578947367
18,13,5,0.2777777777777778
14,11,3,0.21428571428571427
17,13,4,0.23529411764705882
13,10,3,0.23076923076923078
18,14,4,0.2222222222222222
18,13,5,0.2777777777777778
14,12,2,0.14285714285714285
17,12,5,0.29411764705882354
16,12,4,0.25
16,15,1,0.0625
15,13,2,0.13333333333333333
13,12,1,0.07692307692307693
15,14,1,0.06666666666666667
22,16,6,0.2727272727272727
13,10,3,0.23076923076923078
16,13,3,0.1875
22,13,9,0.4090909090909091
19,18,1,0.05263157894736842
14,11,3,0.21428571428571427
18,14,4,0.2222222222222222
18,14,4,0.2222222222222222
15,13,2,0.13333333333333333
21,16,5,0.23809523809523808
21,15,6,0.2857142857142857
13,10,3,0.23076923076923078
16,12,4,0.25
16,14,2,0.125
19,15,4,0.21052631578947367
20,17,3,0.15
19,11,8,0.42105263157894735
16,11,5,0.3125
16,10,6,0.375
11,9,2,0.18181818181818182
8,6,2,0.25
20,14,6,0.3
20,12,8,0.4
19,16,3,0.15789473684210525
14,10,4,0.2857142857142857
25,21,4,0.16
14,8,6,0.42857142857142855
15,15,0,0.0
16,12,4,0.25
21,14,7,0.3333333333333333
20,25,5,0.25
19,15,4,0.21052631578947367
17,10,7,0.4117647058823529
20,18,2,0.1
18,12,6,0.3333333333333333
14,11,3,0.21428571428571427
18,10,8,0.4444444444444444
18,14,4,0.2222222222222222
22,18,4,0.18181818181818182
19,13,6,0.3157894736842105
24,20,4,0.16666666666666666
13,10,3,0.23076923076923078
17,12,5,0.29411764705882354
18,13,5,0.2777777777777778
15,9,6,0.4
21,13,8,0.38095238095238093
22,16,6,0.2727272727272727
15,12,3,0.2
15,14,1,0.06666666666666667
17,12,5,0.29411764705882354
21,18,3,0.14285714285714285
24,18,6,0.25
24,19,5,0.20833333333333334
15,11,4,0.26666666666666666
19,16,3,0.15789473684210525
12,10,2,0.16666666666666666
16,12,4,0.25
15,12,3,0.2
14,10,4,0.2857142857142857
17,15,2,0.11764705882352941
19,13,6,0.3157894736842105
17,15,2,0.11764705882352941
17,12,5,0.29411764705882354
10,8,2,0.2
21,18,3,0.14285714285714285
16,13,3,0.1875
15,11,4,0.26666666666666666
20,15,5,0.25
13,9,4,0.3076923076923077
13,8,5,0.38461538461538464
14,12,2,0.14285714285714285
3,1,2,0.6666666666666666
16,14,2,0.125
14,12,2,0.14285714285714285
13,10,3,0.23076923076923078
23,14,9,0.391304347826087
13,10,3,0.23076923076923078
16,10,6,0.375
14,11,3,0.21428571428571427
17,14,3,0.17647058823529413
20,18,2,0.1
20,18,2,0.1
16,13,3,0.1875
22,15,7,0.3181818181818182
18,14,4,0.2222222222222222
15,12,3,0.2
18,14,4,0.2222222222222222
18,12,6,0.3333333333333333
16,13,3,0.1875
19,14,5,0.2631578947368421
10,10,0,0.0
14,10,4,0.2857142857142857
17,14,3,0.17647058823529413
15,9,6,0.4
17,11,6,0.35294117647058826
15,11,4,0.26666666666666666
19,19,0,0.0
24,22,2,0.08333333333333333
19,15,4,0.21052631578947367
21,12,9,0.42857142857142855
13,9,4,0.3076923076923077
17,14,3,0.17647058823529413
12,10,2,0.16666666666666666
22,20,2,0.09090909090909091
18,11,7,0.3888888888888889
17,11,6,0.35294117647058826
17,11,6,0.35294117647058826
20,15,5,0.25
18,14,4,0.2222222222222222
15,12,3,0.2
17,13,4,0.23529411764705882
17,14,3,0.17647058823529413
23,17,6,0.2608695652173913
22,19,3,0.13636363636363635
19,16,3,0.15789473684210525
18,14,4,0.2222222222222222
14,9,5,0.35714285714285715
20,18,2,0.1
21,17,4,0.19047619047619047
16,12,4,0.25
19,15,4,0.21052631578947367
17,11,6,0.35294117647058826
14,14,0,0.0
14,12,2,0.14285714285714285
18,11,7,0.3888888888888889
15,11,4,0.26666666666666666
20,17,3,0.15
20,14,6,0.3
19,15,4,0.21052631578947367
18,15,3,0.16666666666666666
14,6,8,0.5714285714285714
19,17,2,0.10526315789473684
21,13,8,0.38095238095238093
24,19,5,0.20833333333333334
21,17,4,0.19047619047619047
18,12,6,0.3333333333333333
17,10,7,0.4117647058823529
12,8,4,0.3333333333333333
10,7,3,0.3
19,15,4,0.21052631578947367
18,12,6,0.3333333333333333
19,14,5,0.2631578947368421
18,15,3,0.16666666666666666
19,14,5,0.2631578947368421
12,12,0,0.0
20,19,1,0.05
21,11,10,0.47619047619047616
18,13,5,0.2777777777777778
15,12,3,0.2
25,21,4,0.16
19,16,3,0.15789473684210525
21,19,2,0.09523809523809523
15,10,5,0.3333333333333333
17,13,4,0.23529411764705882
12,7,5,0.4166666666666667
21,15,6,0.2857142857142857
13,11,2,0.15384615384615385
18,13,5,0.2777777777777778
22,17,5,0.22727272727272727
11,7,4,0.36363636363636365
21,15,6,0.2857142857142857
17,12,5,0.29411764705882354
19,16,3,0.15789473684210525
19,11,8,0.42105263157894735
25,21,4,0.16
15,12,3,0.2
14,12,2,0.14285714285714285
25,21,4,0.16
23,18,5,0.21739130434782608
21,19,2,0.09523809523809523
17,12,5,0.29411764705882354
17,12,5,0.29411764705882354
13,11,2,0.15384615384615385
17,8,9,0.5294117647058824
21,16,5,0.23809523809523808
19,14,5,0.2631578947368421
24,21,3,0.125
12,5,7,0.5833333333333334
20,10,10,0.5
13,8,5,0.38461538461538464
11,9,2,0.18181818181818182
8,6,2,0.25
17,13,4,0.23529411764705882
18,17,1,0.05555555555555555
22,14,8,0.36363636363636365
15,11,4,0.26666666666666666
11,9,2,0.18181818181818182
17,11,6,0.35294117647058826
15,11,4,0.26666666666666666
16,12,4,0.25
15,13,2,0.13333333333333333
16,11,5,0.3125
11,9,2,0.18181818181818182
18,16,2,0.1111111111111111
14,10,4,0.2857142857142857
13,9,4,0.3076923076923077
17,12,5,0.29411764705882354
12,8,4,0.3333333333333333
13,5,8,0.6153846153846154
14,10,4,0.2857142857142857
20,16,4,0.2
16,11,5,0.3125
19,14,5,0.2631578947368421
22,16,6,0.2727272727272727
14,12,2,0.14285714285714285
15,13,2,0.13333333333333333
13,10,3,0.23076923076923078
19,14,5,0.2631578947368421
15,11,4,0.26666666666666666
14,11,3,0.21428571428571427
19,13,6,0.3157894736842105
18,13,5,0.2777777777777778
8,6,2,0.25
10,8,2,0.2
9,11,2,0.2222222222222222
17,11,6,0.35294117647058826
18,16,2,0.1111111111111111
11,8,3,0.2727272727272727
14,13,1,0.07142857142857142
13,12,1,0.07692307692307693
19,16,3,0.15789473684210525
21,17,4,0.19047619047619047
12,8,4,0.3333333333333333
18,11,7,0.3888888888888889
19,14,5,0.2631578947368421
16,14,2,0.125
15,9,6,0.4
16,12,4,0.25
21,16,5,0.23809523809523808
15,10,5,0.3333333333333333
23,19,4,0.17391304347826086
14,11,3,0.21428571428571427
20,16,4,0.2
18,13,5,0.2777777777777778
16,11,5,0.3125
21,14,7,0.3333333333333333
18,13,5,0.2777777777777778
16,13,3,0.1875
15,12,3,0.2
20,10,10,0.5
16,12,4,0.25
18,13,5,0.2777777777777778
18,14,4,0.2222222222222222
12,9,3,0.25
11,4,7,0.6363636363636364
22,17,5,0.22727272727272727
20,17,3,0.15
15,11,4,0.26666666666666666
19,16,3,0.15789473684210525
17,11,6,0.35294117647058826
15,12,3,0.2
15,8,7,0.4666666666666667
14,10,4,0.2857142857142857
25,22,3,0.12
17,17,0,0.0
20,14,6,0.3
14,10,4,0.2857142857142857
21,14,7,0.3333333333333333
22,14,8,0.36363636363636365
16,15,1,0.0625
22,18,4,0.18181818181818182
21,17,4,0.19047619047619047
20,14,6,0.3
16,14,2,0.125
11,8,3,0.2727272727272727
15,12,3,0.2
17,13,4,0.23529411764705882
19,14,5,0.2631578947368421
14,11,3,0.21428571428571427
17,14,3,0.17647058823529413
21,16,5,0.23809523809523808
20,14,6,0.3
12,12,0,0.0
17,16,1,0.058823529411764705
20,16,4,0.2
19,15,4,0.21052631578947367
7,6,1,0.14285714285714285
21,14,7,0.3333333333333333
22,16,6,0.2727272727272727
14,11,3,0.21428571428571427
14,8,6,0.42857142857142855
19,14,5,0.2631578947368421
15,12,3,0.2
13,9,4,0.3076923076923077
16,13,3,0.1875
13,9,4,0.3076923076923077
17,14,3,0.17647058823529413
19,12,7,0.3684210526315789
17,13,4,0.23529411764705882
14,11,3,0.21428571428571427
19,11,8,0.42105263157894735
22,17,5,0.22727272727272727
22,14,8,0.36363636363636365
17,12,5,0.29411764705882354
17,13,4,0.23529411764705882
8,6,2,0.25
20,17,3,0.15
18,14,4,0.2222222222222222
18,13,5,0.2777777777777778
19,15,4,0.21052631578947367
21,18,3,0.14285714285714285
18,13,5,0.2777777777777778
24,15,9,0.375
11,6,5,0.45454545454545453
17,15,2,0.11764705882352941
22,16,6,0.2727272727272727
21,17,4,0.19047619047619047
18,14,4,0.2222222222222222
14,10,4,0.2857142857142857
24,20,4,0.16666666666666666
16,12,4,0.25
11,8,3,0.2727272727272727
14,12,2,0.14285714285714285
19,15,4,0.21052631578947367
15,12,3,0.2
15,13,2,0.13333333333333333
14,8,6,0.42857142857142855
14,9,5,0.35714285714285715
19,15,4,0.21052631578947367
21,19,2,0.09523809523809523
20,16,4,0.2
18,15,3,0.16666666666666666
12,9,3,0.25
20,17,3,0.15
13,7,6,0.46153846153846156
17,11,6,0.35294117647058826
20,15,5,0.25
14,12,2,0.14285714285714285
12,12,0,0.0
19,17,2,0.10526315789473684
16,13,3,0.1875
11,6,5,0.45454545454545453
9,8,1,0.1111111111111111
20,16,4,0.2
6,6,0,0.0
16,14,2,0.125
19,15,4,0.21052631578947367
18,15,3,0.16666666666666666
20,17,3,0.15
18,15,3,0.16666666666666666
20,15,5,0.25
18,17,1,0.05555555555555555
11,11,0,0.0
21,16,5,0.23809523809523808
24,20,4,0.16666666666666666
17,13,4,0.23529411764705882
18,16,2,0.1111111111111111
17,12,5,0.29411764705882354
19,16,3,0.15789473684210525
13,11,2,0.15384615384615385
15,10,5,0.3333333333333333
18,12,6,0.3333333333333333
18,12,6,0.3333333333333333
17,12,5,0.29411764705882354
21,19,2,0.09523809523809523
22,17,5,0.22727272727272727
23,19,4,0.17391304347826086
21,15,6,0.2857142857142857
17,12,5,0.29411764705882354
14,8,6,0.42857142857142855
21,15,6,0.2857142857142857
15,12,3,0.2
20,11,9,0.45
17,13,4,0.23529411764705882
16,13,3,0.1875
20,16,4,0.2
17,14,3,0.17647058823529413
19,16,3,0.15789473684210525
13,9,4,0.3076923076923077
16,11,5,0.3125
14,13,1,0.07142857142857142
14,15,1,0.07142857142857142
22,18,4,0.18181818181818182
19,14,5,0.2631578947368421
20,14,6,0.3
19,14,5,0.2631578947368421
13,10,3,0.23076923076923078
25,19,6,0.24
19,13,6,0.3157894736842105
24,20,4,0.16666666666666666
20,14,6,0.3
16,15,1,0.0625
17,15,2,0.11764705882352941
18,14,4,0.2222222222222222
14,10,4,0.2857142857142857
13,11,2,0.15384615384615385
14,9,5,0.35714285714285715
24,18,6,0.25
19,16,3,0.15789473684210525
13,10,3,0.23076923076923078
18,13,5,0.2777777777777778
25,20,5,0.2
16,12,4,0.25
15,15,0,0.0
14,11,3,0.21428571428571427
11,8,3,0.2727272727272727
23,18,5,0.21739130434782608
18,15,3,0.16666666666666666
18,14,4,0.2222222222222222
24,18,6,0.25
21,17,4,0.19047619047619047
15,12,3,0.2
18,16,2,0.1111111111111111
13,13,0,0.0
19,13,6,0.3157894736842105
22,19,3,0.13636363636363635
14,13,1,0.07142857142857142
15,12,3,0.2
21,15,6,0.2857142857142857
18,10,8,0.4444444444444444
18,13,5,0.2777777777777778
22,17,5,0.22727272727272727
10,7,3,0.3
17,15,2,0.11764705882352941
15,11,4,0.26666666666666666
22,19,3,0.13636363636363635
16,11,5,0.3125
12,8,4,0.3333333333333333
23,17,6,0.2608695652173913
16,11,5,0.3125
17,13,4,0.23529411764705882
20,16,4,0.2
13,11,2,0.15384615384615385
17,12,5,0.29411764705882354
16,12,4,0.25
21,14,7,0.3333333333333333
14,16,2,0.14285714285714285
19,14,5,0.2631578947368421
15,13,2,0.13333333333333333
11,8,3,0.2727272727272727
15,10,5,0.3333333333333333
25,18,7,0.28
19,11,8,0.42105263157894735
16,10,6,0.375
18,14,4,0.2222222222222222
7,5,2,0.2857142857142857
12,10,2,0.16666666666666666
18,13,5,0.2777777777777778
18,11,7,0.3888888888888889
14,10,4,0.2857142857142857
10,8,2,0.2
16,8,8,0.5
21,13,8,0.38095238095238093
9,8,1,0.1111111111111111
17,14,3,0.17647058823529413
17,14,3,0.17647058823529413
19,14,5,0.2631578947368421
13,9,4,0.3076923076923077
14,11,3,0.21428571428571427
20,15,5,0.25
17,13,4,0.23529411764705882
22,16,6,0.2727272727272727
21,14,7,0.3333333333333333
17,12,5,0.29411764705882354
14,9,5,0.35714285714285715
19,11,8,0.42105263157894735
22,16,6,0.2727272727272727
14,12,2,0.14285714285714285
18,12,6,0.3333333333333333
19,12,7,0.3684210526315789
11,11,0,0.0
23,17,6,0.2608695652173913
16,14,2,0.125
18,11,7,0.3888888888888889
13,11,2,0.15384615384615385
21,18,3,0.14285714285714285
17,12,5,0.29411764705882354
14,11,3,0.21428571428571427
15,12,3,0.2
13,12,1,0.07692307692307693
19,14,5,0.2631578947368421
18,12,6,0.3333333333333333
16,12,4,0.25
17,12,5,0.29411764705882354
11,10,1,0.09090909090909091
16,15,1,0.0625
20,18,2,0.1
25,21,4,0.16
19,14,5,0.2631578947368421
21,16,5,0.23809523809523808
13,9,4,0.3076923076923077
18,13,5,0.2777777777777778
19,12,7,0.3684210526315789
15,10,5,0.3333333333333333
18,15,3,0.16666666666666666
16,13,3,0.1875
19,12,7,0.3684210526315789
16,14,2,0.125
15,11,4,0.26666666666666666
17,10,7,0.4117647058823529
18,10,8,0.4444444444444444
13,14,1,0.07692307692307693
16,12,4,0.25
14,11,3,0.21428571428571427
14,12,2,0.14285714285714285
19,13,6,0.3157894736842105
20,15,5,0.25
17,12,5,0.29411764705882354
19,15,4,0.21052631578947367
15,12,3,0.2
15,10,5,0.3333333333333333
23,18,5,0.21739130434782608
13,8,5,0.38461538461538464
17,13,4,0.23529411764705882
12,7,5,0.4166666666666667
18,14,4,0.2222222222222222
15,11,4,0.26666666666666666
20,17,3,0.15
13,12,1,0.07692307692307693
17,10,7,0.4117647058823529
19,12,7,0.3684210526315789
14,12,2,0.14285714285714285
14,9,5,0.35714285714285715
15,14,1,0.06666666666666667
15,11,4,0.26666666666666666
15,13,2,0.13333333333333333
16,12,4,0.25
21,18,3,0.14285714285714285
20,14,6,0.3
11,11,0,0.0
25,19,6,0.24
17,12,5,0.29411764705882354
17,14,3,0.17647058823529413
22,18,4,0.18181818181818182
16,12,4,0.25
17,13,4,0.23529411764705882
16,13,3,0.1875
19,13,6,0.3157894736842105
14,11,3,0.21428571428571427
22,16,6,0.2727272727272727
13,10,3,0.23076923076923078
19,16,3,0.15789473684210525
17,13,4,0.23529411764705882
11,7,4,0.36363636363636365
23,21,2,0.08695652173913043
average relative difference 23.92%
